0.000000000000000000e+00	-2.174951553344726562e+00	0.000000000000000000e+00	0.000000000000000000e+00	0.000000000000000000e+00	-3.180863857269287109e+00	0.000000000000000000e+00	-2.413212537765502930e+00	0.000000000000000000e+00	0.000000000000000000e+00	1.703495264053344727e+00	0.000000000000000000e+00	0.000000000000000000e+00	0.000000000000000000e+00
0.000000000000000000e+00	0.000000000000000000e+00	4.709589958190917969e+00	0.000000000000000000e+00	0.000000000000000000e+00	0.000000000000000000e+00	0.000000000000000000e+00	0.000000000000000000e+00	0.000000000000000000e+00	0.000000000000000000e+00	0.000000000000000000e+00	0.000000000000000000e+00	0.000000000000000000e+00	3.289560794830322266e+00
0.000000000000000000e+00	0.000000000000000000e+00	0.000000000000000000e+00	-1.681939959526062012e+00	0.000000000000000000e+00	-3.812121629714965820e+00	0.000000000000000000e+00	0.000000000000000000e+00	0.000000000000000000e+00	0.000000000000000000e+00	0.000000000000000000e+00	0.000000000000000000e+00	0.000000000000000000e+00	0.000000000000000000e+00
4.037633419036865234e+00	0.000000000000000000e+00	0.000000000000000000e+00	0.000000000000000000e+00	0.000000000000000000e+00	0.000000000000000000e+00	0.000000000000000000e+00	3.550039529800415039e+00	0.000000000000000000e+00	-1.150966525077819824e+00	0.000000000000000000e+00	0.000000000000000000e+00	3.424632549285888672e+00	-4.475004673004150391e+00
1.624854922294616699e+00	0.000000000000000000e+00	-2.654526472091674805e+00	0.000000000000000000e+00	-2.670655012130737305e+00	0.000000000000000000e+00	0.000000000000000000e+00	0.000000000000000000e+00	0.000000000000000000e+00	0.000000000000000000e+00	-2.255812406539916992e+00	0.000000000000000000e+00	0.000000000000000000e+00	0.000000000000000000e+00
0.000000000000000000e+00	0.000000000000000000e+00	-3.263193845748901367e+00	0.000000000000000000e+00	-2.690327882766723633e+00	0.000000000000000000e+00	-2.824097156524658203e+00	3.590630292892456055e+00	0.000000000000000000e+00	0.000000000000000000e+00	0.000000000000000000e+00	0.000000000000000000e+00	0.000000000000000000e+00	0.000000000000000000e+00
-3.592843055725097656e+00	0.000000000000000000e+00	-2.737014532089233398e+00	0.000000000000000000e+00	0.000000000000000000e+00	2.792871236801147461e+00	0.000000000000000000e+00	0.000000000000000000e+00	0.000000000000000000e+00	0.000000000000000000e+00	0.000000000000000000e+00	0.000000000000000000e+00	0.000000000000000000e+00	3.710606813430786133e+00
0.000000000000000000e+00	0.000000000000000000e+00	0.000000000000000000e+00	0.000000000000000000e+00	0.000000000000000000e+00	3.541521787643432617e+00	0.000000000000000000e+00	2.182759523391723633e+00	0.000000000000000000e+00	-2.262449979782104492e+00	0.000000000000000000e+00	0.000000000000000000e+00	0.000000000000000000e+00	0.000000000000000000e+00
-2.874440670013427734e+00	0.000000000000000000e+00	0.000000000000000000e+00	0.000000000000000000e+00	0.000000000000000000e+00	0.000000000000000000e+00	0.000000000000000000e+00	0.000000000000000000e+00	0.000000000000000000e+00	-3.366247653961181641e+00	0.000000000000000000e+00	3.156612157821655273e+00	0.000000000000000000e+00	4.573078632354736328e+00
2.392511367797851562e+00	0.000000000000000000e+00	2.802930831909179688e+00	0.000000000000000000e+00	2.631596803665161133e+00	0.000000000000000000e+00	0.000000000000000000e+00	0.000000000000000000e+00	0.000000000000000000e+00	0.000000000000000000e+00	0.000000000000000000e+00	0.000000000000000000e+00	0.000000000000000000e+00	0.000000000000000000e+00
0.000000000000000000e+00	-1.845730781555175781e+00	4.428599357604980469e+00	0.000000000000000000e+00	0.000000000000000000e+00	0.000000000000000000e+00	0.000000000000000000e+00	0.000000000000000000e+00	3.322311401367187500e+00	0.000000000000000000e+00	0.000000000000000000e+00	0.000000000000000000e+00	0.000000000000000000e+00	0.000000000000000000e+00
0.000000000000000000e+00	0.000000000000000000e+00	0.000000000000000000e+00	0.000000000000000000e+00	0.000000000000000000e+00	0.000000000000000000e+00	0.000000000000000000e+00	0.000000000000000000e+00	0.000000000000000000e+00	0.000000000000000000e+00	0.000000000000000000e+00	0.000000000000000000e+00	0.000000000000000000e+00	0.000000000000000000e+00
0.000000000000000000e+00	0.000000000000000000e+00	0.000000000000000000e+00	0.000000000000000000e+00	0.000000000000000000e+00	0.000000000000000000e+00	0.000000000000000000e+00	0.000000000000000000e+00	0.000000000000000000e+00	-3.215703248977661133e+00	-2.713011741638183594e+00	0.000000000000000000e+00	0.000000000000000000e+00	0.000000000000000000e+00
3.015267610549926758e+00	0.000000000000000000e+00	0.000000000000000000e+00	-2.672982692718505859e+00	0.000000000000000000e+00	0.000000000000000000e+00	1.891167879104614258e+00	0.000000000000000000e+00	0.000000000000000000e+00	0.000000000000000000e+00	0.000000000000000000e+00	0.000000000000000000e+00	0.000000000000000000e+00	-3.599398851394653320e+00
0.000000000000000000e+00	0.000000000000000000e+00	0.000000000000000000e+00	1.648716211318969727e+00	0.000000000000000000e+00	0.000000000000000000e+00	0.000000000000000000e+00	0.000000000000000000e+00	0.000000000000000000e+00	-2.555037736892700195e+00	0.000000000000000000e+00	0.000000000000000000e+00	0.000000000000000000e+00	0.000000000000000000e+00
2.023669481277465820e+00	-1.658053278923034668e+00	0.000000000000000000e+00	0.000000000000000000e+00	0.000000000000000000e+00	0.000000000000000000e+00	0.000000000000000000e+00	0.000000000000000000e+00	0.000000000000000000e+00	0.000000000000000000e+00	0.000000000000000000e+00	-2.799619674682617188e+00	0.000000000000000000e+00	0.000000000000000000e+00
0.000000000000000000e+00	0.000000000000000000e+00	3.421235561370849609e+00	0.000000000000000000e+00	0.000000000000000000e+00	-3.218971967697143555e+00	0.000000000000000000e+00	0.000000000000000000e+00	4.182732582092285156e+00	0.000000000000000000e+00	0.000000000000000000e+00	0.000000000000000000e+00	0.000000000000000000e+00	0.000000000000000000e+00
0.000000000000000000e+00	0.000000000000000000e+00	0.000000000000000000e+00	0.000000000000000000e+00	0.000000000000000000e+00	0.000000000000000000e+00	0.000000000000000000e+00	0.000000000000000000e+00	0.000000000000000000e+00	0.000000000000000000e+00	0.000000000000000000e+00	0.000000000000000000e+00	2.502795696258544922e+00	0.000000000000000000e+00
0.000000000000000000e+00	-3.038923740386962891e+00	0.000000000000000000e+00	0.000000000000000000e+00	0.000000000000000000e+00	0.000000000000000000e+00	0.000000000000000000e+00	0.000000000000000000e+00	-3.367115974426269531e+00	-2.975779294967651367e+00	0.000000000000000000e+00	0.000000000000000000e+00	0.000000000000000000e+00	3.624066829681396484e+00
0.000000000000000000e+00	0.000000000000000000e+00	0.000000000000000000e+00	0.000000000000000000e+00	0.000000000000000000e+00	2.947313070297241211e+00	3.230766296386718750e+00	0.000000000000000000e+00	0.000000000000000000e+00	0.000000000000000000e+00	0.000000000000000000e+00	0.000000000000000000e+00	0.000000000000000000e+00	0.000000000000000000e+00
0.000000000000000000e+00	0.000000000000000000e+00	0.000000000000000000e+00	0.000000000000000000e+00	0.000000000000000000e+00	0.000000000000000000e+00	0.000000000000000000e+00	2.815339326858520508e+00	0.000000000000000000e+00	0.000000000000000000e+00	0.000000000000000000e+00	0.000000000000000000e+00	0.000000000000000000e+00	0.000000000000000000e+00
0.000000000000000000e+00	0.000000000000000000e+00	0.000000000000000000e+00	0.000000000000000000e+00	0.000000000000000000e+00	0.000000000000000000e+00	0.000000000000000000e+00	0.000000000000000000e+00	0.000000000000000000e+00	-3.919871330261230469e+00	0.000000000000000000e+00	0.000000000000000000e+00	-2.718750953674316406e+00	0.000000000000000000e+00
3.915243864059448242e+00	0.000000000000000000e+00	0.000000000000000000e+00	0.000000000000000000e+00	0.000000000000000000e+00	-2.442199945449829102e+00	0.000000000000000000e+00	0.000000000000000000e+00	0.000000000000000000e+00	0.000000000000000000e+00	0.000000000000000000e+00	-4.276898384094238281e+00	0.000000000000000000e+00	0.000000000000000000e+00
0.000000000000000000e+00	0.000000000000000000e+00	0.000000000000000000e+00	0.000000000000000000e+00	0.000000000000000000e+00	0.000000000000000000e+00	0.000000000000000000e+00	0.000000000000000000e+00	0.000000000000000000e+00	0.000000000000000000e+00	0.000000000000000000e+00	0.000000000000000000e+00	0.000000000000000000e+00	0.000000000000000000e+00
0.000000000000000000e+00	0.000000000000000000e+00	0.000000000000000000e+00	0.000000000000000000e+00	0.000000000000000000e+00	-3.679050207138061523e+00	0.000000000000000000e+00	0.000000000000000000e+00	0.000000000000000000e+00	0.000000000000000000e+00	0.000000000000000000e+00	0.000000000000000000e+00	0.000000000000000000e+00	-4.012328147888183594e+00
-3.216746807098388672e+00	0.000000000000000000e+00	0.000000000000000000e+00	-2.011248826980590820e+00	0.000000000000000000e+00	0.000000000000000000e+00	0.000000000000000000e+00	0.000000000000000000e+00	-2.952169656753540039e+00	0.000000000000000000e+00	0.000000000000000000e+00	0.000000000000000000e+00	-2.169233083724975586e+00	0.000000000000000000e+00
-3.619313478469848633e+00	0.000000000000000000e+00	-2.296796560287475586e+00	0.000000000000000000e+00	0.000000000000000000e+00	2.575563669204711914e+00	0.000000000000000000e+00	0.000000000000000000e+00	0.000000000000000000e+00	-2.877470016479492188e+00	0.000000000000000000e+00	3.201055288314819336e+00	0.000000000000000000e+00	3.758913993835449219e+00
0.000000000000000000e+00	0.000000000000000000e+00	3.716144561767578125e+00	0.000000000000000000e+00	0.000000000000000000e+00	0.000000000000000000e+00	0.000000000000000000e+00	-2.654784917831420898e+00	0.000000000000000000e+00	0.000000000000000000e+00	1.871094465255737305e+00	-2.829312801361083984e+00	0.000000000000000000e+00	0.000000000000000000e+00
0.000000000000000000e+00	0.000000000000000000e+00	-2.195512056350708008e+00	0.000000000000000000e+00	0.000000000000000000e+00	0.000000000000000000e+00	0.000000000000000000e+00	0.000000000000000000e+00	0.000000000000000000e+00	0.000000000000000000e+00	-2.015796422958374023e+00	0.000000000000000000e+00	0.000000000000000000e+00	0.000000000000000000e+00
0.000000000000000000e+00	0.000000000000000000e+00	0.000000000000000000e+00	0.000000000000000000e+00	0.000000000000000000e+00	0.000000000000000000e+00	0.000000000000000000e+00	0.000000000000000000e+00	0.000000000000000000e+00	0.000000000000000000e+00	0.000000000000000000e+00	0.000000000000000000e+00	0.000000000000000000e+00	4.252595424652099609e+00
