-3.706128835678100586e+00	-2.442709207534790039e+00	0.000000000000000000e+00	0.000000000000000000e+00	0.000000000000000000e+00	0.000000000000000000e+00	0.000000000000000000e+00	0.000000000000000000e+00	0.000000000000000000e+00	0.000000000000000000e+00	0.000000000000000000e+00	0.000000000000000000e+00	0.000000000000000000e+00	3.504683494567871094e+00
0.000000000000000000e+00	0.000000000000000000e+00	0.000000000000000000e+00	0.000000000000000000e+00	0.000000000000000000e+00	0.000000000000000000e+00	0.000000000000000000e+00	0.000000000000000000e+00	0.000000000000000000e+00	0.000000000000000000e+00	0.000000000000000000e+00	0.000000000000000000e+00	0.000000000000000000e+00	0.000000000000000000e+00
0.000000000000000000e+00	0.000000000000000000e+00	0.000000000000000000e+00	-2.758067846298217773e+00	0.000000000000000000e+00	0.000000000000000000e+00	-2.772734880447387695e+00	0.000000000000000000e+00	0.000000000000000000e+00	0.000000000000000000e+00	0.000000000000000000e+00	0.000000000000000000e+00	0.000000000000000000e+00	0.000000000000000000e+00
0.000000000000000000e+00	-4.110504150390625000e+00	0.000000000000000000e+00	0.000000000000000000e+00	4.745552062988281250e+00	0.000000000000000000e+00	4.072345256805419922e+00	-4.479766368865966797e+00	0.000000000000000000e+00	0.000000000000000000e+00	0.000000000000000000e+00	0.000000000000000000e+00	0.000000000000000000e+00	0.000000000000000000e+00
3.380589246749877930e+00	0.000000000000000000e+00	0.000000000000000000e+00	0.000000000000000000e+00	0.000000000000000000e+00	0.000000000000000000e+00	4.391876697540283203e+00	0.000000000000000000e+00	0.000000000000000000e+00	0.000000000000000000e+00	0.000000000000000000e+00	0.000000000000000000e+00	5.306996822357177734e+00	0.000000000000000000e+00
0.000000000000000000e+00	1.986955761909484863e+00	0.000000000000000000e+00	0.000000000000000000e+00	0.000000000000000000e+00	0.000000000000000000e+00	-2.743262290954589844e+00	0.000000000000000000e+00	0.000000000000000000e+00	0.000000000000000000e+00	0.000000000000000000e+00	0.000000000000000000e+00	0.000000000000000000e+00	0.000000000000000000e+00
0.000000000000000000e+00	2.546911239624023438e+00	0.000000000000000000e+00	0.000000000000000000e+00	0.000000000000000000e+00	0.000000000000000000e+00	0.000000000000000000e+00	0.000000000000000000e+00	0.000000000000000000e+00	0.000000000000000000e+00	0.000000000000000000e+00	0.000000000000000000e+00	0.000000000000000000e+00	-3.369073152542114258e+00
0.000000000000000000e+00	0.000000000000000000e+00	2.665282487869262695e+00	0.000000000000000000e+00	0.000000000000000000e+00	0.000000000000000000e+00	0.000000000000000000e+00	0.000000000000000000e+00	0.000000000000000000e+00	0.000000000000000000e+00	0.000000000000000000e+00	0.000000000000000000e+00	3.457073688507080078e+00	-4.235324859619140625e+00
0.000000000000000000e+00	2.092774152755737305e+00	0.000000000000000000e+00	-3.239306926727294922e+00	0.000000000000000000e+00	0.000000000000000000e+00	0.000000000000000000e+00	0.000000000000000000e+00	0.000000000000000000e+00	0.000000000000000000e+00	0.000000000000000000e+00	0.000000000000000000e+00	0.000000000000000000e+00	0.000000000000000000e+00
0.000000000000000000e+00	0.000000000000000000e+00	0.000000000000000000e+00	0.000000000000000000e+00	3.515534877777099609e+00	0.000000000000000000e+00	0.000000000000000000e+00	-3.470076799392700195e+00	0.000000000000000000e+00	0.000000000000000000e+00	0.000000000000000000e+00	0.000000000000000000e+00	0.000000000000000000e+00	5.346196174621582031e+00
0.000000000000000000e+00	0.000000000000000000e+00	0.000000000000000000e+00	0.000000000000000000e+00	0.000000000000000000e+00	0.000000000000000000e+00	0.000000000000000000e+00	0.000000000000000000e+00	0.000000000000000000e+00	0.000000000000000000e+00	0.000000000000000000e+00	0.000000000000000000e+00	0.000000000000000000e+00	0.000000000000000000e+00
0.000000000000000000e+00	0.000000000000000000e+00	0.000000000000000000e+00	0.000000000000000000e+00	0.000000000000000000e+00	0.000000000000000000e+00	-2.474213838577270508e+00	0.000000000000000000e+00	0.000000000000000000e+00	0.000000000000000000e+00	0.000000000000000000e+00	0.000000000000000000e+00	0.000000000000000000e+00	0.000000000000000000e+00
0.000000000000000000e+00	0.000000000000000000e+00	0.000000000000000000e+00	0.000000000000000000e+00	0.000000000000000000e+00	-4.182818889617919922e+00	4.530256271362304688e+00	0.000000000000000000e+00	0.000000000000000000e+00	3.441453933715820312e+00	4.048322200775146484e+00	-3.203652381896972656e+00	0.000000000000000000e+00	4.125236511230468750e+00
0.000000000000000000e+00	0.000000000000000000e+00	0.000000000000000000e+00	2.465311050415039062e+00	2.162406682968139648e+00	-1.489699244499206543e+00	0.000000000000000000e+00	0.000000000000000000e+00	2.702460289001464844e+00	0.000000000000000000e+00	0.000000000000000000e+00	0.000000000000000000e+00	0.000000000000000000e+00	0.000000000000000000e+00
0.000000000000000000e+00	0.000000000000000000e+00	0.000000000000000000e+00	0.000000000000000000e+00	0.000000000000000000e+00	0.000000000000000000e+00	0.000000000000000000e+00	0.000000000000000000e+00	0.000000000000000000e+00	0.000000000000000000e+00	0.000000000000000000e+00	0.000000000000000000e+00	0.000000000000000000e+00	0.000000000000000000e+00
0.000000000000000000e+00	0.000000000000000000e+00	0.000000000000000000e+00	5.357196331024169922e+00	0.000000000000000000e+00	0.000000000000000000e+00	0.000000000000000000e+00	0.000000000000000000e+00	0.000000000000000000e+00	0.000000000000000000e+00	0.000000000000000000e+00	-2.351503849029541016e+00	0.000000000000000000e+00	-6.381330490112304688e+00
0.000000000000000000e+00	0.000000000000000000e+00	-2.688029527664184570e+00	0.000000000000000000e+00	0.000000000000000000e+00	0.000000000000000000e+00	0.000000000000000000e+00	0.000000000000000000e+00	0.000000000000000000e+00	0.000000000000000000e+00	0.000000000000000000e+00	1.888230085372924805e+00	0.000000000000000000e+00	-3.922333478927612305e+00
0.000000000000000000e+00	0.000000000000000000e+00	0.000000000000000000e+00	0.000000000000000000e+00	-1.934691667556762695e+00	1.736880064010620117e+00	0.000000000000000000e+00	0.000000000000000000e+00	0.000000000000000000e+00	0.000000000000000000e+00	0.000000000000000000e+00	0.000000000000000000e+00	0.000000000000000000e+00	0.000000000000000000e+00
0.000000000000000000e+00	0.000000000000000000e+00	0.000000000000000000e+00	0.000000000000000000e+00	0.000000000000000000e+00	-2.455592393875122070e+00	0.000000000000000000e+00	0.000000000000000000e+00	2.576913118362426758e+00	0.000000000000000000e+00	3.344557046890258789e+00	-3.830401420593261719e+00	0.000000000000000000e+00	0.000000000000000000e+00
0.000000000000000000e+00	0.000000000000000000e+00	0.000000000000000000e+00	0.000000000000000000e+00	0.000000000000000000e+00	-3.207146167755126953e+00	0.000000000000000000e+00	0.000000000000000000e+00	2.741549968719482422e+00	0.000000000000000000e+00	0.000000000000000000e+00	0.000000000000000000e+00	0.000000000000000000e+00	4.105388164520263672e+00
0.000000000000000000e+00	3.752565145492553711e+00	-3.097982168197631836e+00	2.514322042465209961e+00	0.000000000000000000e+00	3.900472402572631836e+00	0.000000000000000000e+00	2.772454023361206055e+00	0.000000000000000000e+00	0.000000000000000000e+00	0.000000000000000000e+00	0.000000000000000000e+00	0.000000000000000000e+00	0.000000000000000000e+00
2.806699275970458984e+00	0.000000000000000000e+00	0.000000000000000000e+00	0.000000000000000000e+00	0.000000000000000000e+00	-3.331657648086547852e+00	0.000000000000000000e+00	0.000000000000000000e+00	2.872637033462524414e+00	0.000000000000000000e+00	3.467441797256469727e+00	0.000000000000000000e+00	0.000000000000000000e+00	2.626730442047119141e+00
0.000000000000000000e+00	-2.463165044784545898e+00	0.000000000000000000e+00	-3.527168750762939453e+00	0.000000000000000000e+00	-3.734874248504638672e+00	0.000000000000000000e+00	0.000000000000000000e+00	1.693941116333007812e+00	0.000000000000000000e+00	0.000000000000000000e+00	0.000000000000000000e+00	0.000000000000000000e+00	0.000000000000000000e+00
0.000000000000000000e+00	0.000000000000000000e+00	0.000000000000000000e+00	0.000000000000000000e+00	3.069994926452636719e+00	-2.928371429443359375e+00	0.000000000000000000e+00	0.000000000000000000e+00	0.000000000000000000e+00	0.000000000000000000e+00	0.000000000000000000e+00	0.000000000000000000e+00	4.640200138092041016e+00	0.000000000000000000e+00
0.000000000000000000e+00	0.000000000000000000e+00	0.000000000000000000e+00	0.000000000000000000e+00	0.000000000000000000e+00	0.000000000000000000e+00	4.419302463531494141e+00	0.000000000000000000e+00	0.000000000000000000e+00	3.146060466766357422e+00	0.000000000000000000e+00	0.000000000000000000e+00	0.000000000000000000e+00	0.000000000000000000e+00
0.000000000000000000e+00	7.842850089073181152e-01	0.000000000000000000e+00	0.000000000000000000e+00	0.000000000000000000e+00	0.000000000000000000e+00	0.000000000000000000e+00	-3.662321090698242188e+00	0.000000000000000000e+00	0.000000000000000000e+00	0.000000000000000000e+00	0.000000000000000000e+00	0.000000000000000000e+00	4.827457904815673828e+00
0.000000000000000000e+00	1.852942109107971191e+00	0.000000000000000000e+00	3.022931337356567383e+00	0.000000000000000000e+00	0.000000000000000000e+00	0.000000000000000000e+00	-3.385487556457519531e+00	0.000000000000000000e+00	0.000000000000000000e+00	0.000000000000000000e+00	0.000000000000000000e+00	3.095604658126831055e+00	-4.536131381988525391e+00
0.000000000000000000e+00	0.000000000000000000e+00	-2.434473037719726562e+00	0.000000000000000000e+00	0.000000000000000000e+00	0.000000000000000000e+00	-2.736761093139648438e+00	0.000000000000000000e+00	0.000000000000000000e+00	0.000000000000000000e+00	0.000000000000000000e+00	0.000000000000000000e+00	0.000000000000000000e+00	0.000000000000000000e+00
