6.390974521636962891e+00	5.312763690948486328e+00	4.325617313385009766e+00	-5.328852653503417969e+00	3.297129154205322266e+00	-5.800001621246337891e+00	3.600638389587402344e+00	0.000000000000000000e+00	2.996736764907836914e+00	3.113376617431640625e+00	4.009417057037353516e+00	0.000000000000000000e+00	0.000000000000000000e+00	-4.289638996124267578e+00	-4.778596878051757812e+00	5.218955039978027344e+00	6.688096523284912109e+00	2.920129060745239258e+00	-6.462254047393798828e+00	0.000000000000000000e+00
0.000000000000000000e+00	0.000000000000000000e+00	3.963654637336730957e-01	0.000000000000000000e+00	2.031927853822708130e-01	0.000000000000000000e+00	0.000000000000000000e+00	3.209814429283142090e-01	0.000000000000000000e+00	0.000000000000000000e+00	0.000000000000000000e+00	3.159558176994323730e-01	-1.987186431884765625e+00	1.224673464894294739e-01	0.000000000000000000e+00	2.789618968963623047e-01	0.000000000000000000e+00	-2.286160230636596680e+00	0.000000000000000000e+00	-5.633945465087890625e-01
-5.414479732513427734e+00	-3.708264350891113281e+00	-4.199310302734375000e+00	3.391218662261962891e+00	0.000000000000000000e+00	5.809111595153808594e+00	-4.168103694915771484e+00	0.000000000000000000e+00	-3.337973594665527344e+00	-2.459913492202758789e+00	-3.982578277587890625e+00	0.000000000000000000e+00	0.000000000000000000e+00	4.301637649536132812e+00	3.464180946350097656e+00	-4.567339897155761719e+00	-5.544256210327148438e+00	-3.998477458953857422e+00	5.344283580780029297e+00	3.067217826843261719e+00
0.000000000000000000e+00	0.000000000000000000e+00	4.546778649091720581e-02	-3.172937408089637756e-02	0.000000000000000000e+00	0.000000000000000000e+00	0.000000000000000000e+00	0.000000000000000000e+00	6.634829938411712646e-02	-1.329578161239624023e+00	-2.312446355819702148e+00	0.000000000000000000e+00	0.000000000000000000e+00	1.010163664817810059e+00	0.000000000000000000e+00	0.000000000000000000e+00	0.000000000000000000e+00	4.590381681919097900e-01	0.000000000000000000e+00	0.000000000000000000e+00
0.000000000000000000e+00	0.000000000000000000e+00	0.000000000000000000e+00	0.000000000000000000e+00	0.000000000000000000e+00	0.000000000000000000e+00	0.000000000000000000e+00	4.460618947632610798e-04	0.000000000000000000e+00	0.000000000000000000e+00	0.000000000000000000e+00	-1.873189467005431652e-05	-5.858920630998909473e-04	0.000000000000000000e+00	0.000000000000000000e+00	0.000000000000000000e+00	0.000000000000000000e+00	-1.221894286572933197e-02	0.000000000000000000e+00	-7.152752950787544250e-04
1.674423694610595703e+00	0.000000000000000000e+00	1.769091486930847168e+00	0.000000000000000000e+00	0.000000000000000000e+00	0.000000000000000000e+00	0.000000000000000000e+00	0.000000000000000000e+00	0.000000000000000000e+00	0.000000000000000000e+00	0.000000000000000000e+00	0.000000000000000000e+00	0.000000000000000000e+00	0.000000000000000000e+00	-1.176611065864562988e+00	1.459742546081542969e+00	1.701615214347839355e+00	2.019145727157592773e+00	-1.853178143501281738e+00	0.000000000000000000e+00
1.188985109329223633e+00	9.987188577651977539e-01	1.439674973487854004e+00	-1.255675435066223145e+00	0.000000000000000000e+00	-1.368980407714843750e+00	0.000000000000000000e+00	0.000000000000000000e+00	1.365668326616287231e-01	0.000000000000000000e+00	1.357748389244079590e+00	0.000000000000000000e+00	0.000000000000000000e+00	0.000000000000000000e+00	-1.259606480598449707e+00	1.190789461135864258e+00	1.302750825881958008e+00	2.395209074020385742e+00	-1.438798069953918457e+00	0.000000000000000000e+00
0.000000000000000000e+00	0.000000000000000000e+00	0.000000000000000000e+00	0.000000000000000000e+00	0.000000000000000000e+00	7.179345488548278809e-01	0.000000000000000000e+00	0.000000000000000000e+00	0.000000000000000000e+00	0.000000000000000000e+00	-2.221870183944702148e+00	0.000000000000000000e+00	0.000000000000000000e+00	8.566100597381591797e-01	0.000000000000000000e+00	0.000000000000000000e+00	5.282278731465339661e-02	0.000000000000000000e+00	0.000000000000000000e+00	0.000000000000000000e+00
0.000000000000000000e+00	0.000000000000000000e+00	0.000000000000000000e+00	0.000000000000000000e+00	0.000000000000000000e+00	0.000000000000000000e+00	0.000000000000000000e+00	0.000000000000000000e+00	0.000000000000000000e+00	0.000000000000000000e+00	0.000000000000000000e+00	0.000000000000000000e+00	0.000000000000000000e+00	0.000000000000000000e+00	0.000000000000000000e+00	0.000000000000000000e+00	0.000000000000000000e+00	2.148043960332870483e-01	0.000000000000000000e+00	0.000000000000000000e+00
0.000000000000000000e+00	0.000000000000000000e+00	0.000000000000000000e+00	0.000000000000000000e+00	0.000000000000000000e+00	0.000000000000000000e+00	0.000000000000000000e+00	0.000000000000000000e+00	0.000000000000000000e+00	0.000000000000000000e+00	0.000000000000000000e+00	0.000000000000000000e+00	0.000000000000000000e+00	0.000000000000000000e+00	0.000000000000000000e+00	0.000000000000000000e+00	0.000000000000000000e+00	0.000000000000000000e+00	0.000000000000000000e+00	0.000000000000000000e+00
0.000000000000000000e+00	0.000000000000000000e+00	0.000000000000000000e+00	0.000000000000000000e+00	0.000000000000000000e+00	0.000000000000000000e+00	0.000000000000000000e+00	0.000000000000000000e+00	0.000000000000000000e+00	0.000000000000000000e+00	0.000000000000000000e+00	0.000000000000000000e+00	0.000000000000000000e+00	0.000000000000000000e+00	0.000000000000000000e+00	0.000000000000000000e+00	0.000000000000000000e+00	-2.891772310249507427e-04	0.000000000000000000e+00	0.000000000000000000e+00
-4.760662615299224854e-01	0.000000000000000000e+00	0.000000000000000000e+00	4.026207029819488525e-01	0.000000000000000000e+00	9.253212213516235352e-01	0.000000000000000000e+00	0.000000000000000000e+00	0.000000000000000000e+00	0.000000000000000000e+00	-8.829316496849060059e-01	0.000000000000000000e+00	0.000000000000000000e+00	0.000000000000000000e+00	0.000000000000000000e+00	-5.336801409721374512e-01	-5.426577329635620117e-01	-1.067670226097106934e+00	7.079809308052062988e-01	0.000000000000000000e+00
0.000000000000000000e+00	0.000000000000000000e+00	0.000000000000000000e+00	0.000000000000000000e+00	-1.884941458702087402e-01	0.000000000000000000e+00	0.000000000000000000e+00	0.000000000000000000e+00	0.000000000000000000e+00	0.000000000000000000e+00	0.000000000000000000e+00	0.000000000000000000e+00	0.000000000000000000e+00	0.000000000000000000e+00	0.000000000000000000e+00	0.000000000000000000e+00	0.000000000000000000e+00	7.687020301818847656e-01	0.000000000000000000e+00	0.000000000000000000e+00
0.000000000000000000e+00	0.000000000000000000e+00	0.000000000000000000e+00	0.000000000000000000e+00	0.000000000000000000e+00	0.000000000000000000e+00	0.000000000000000000e+00	0.000000000000000000e+00	0.000000000000000000e+00	0.000000000000000000e+00	0.000000000000000000e+00	0.000000000000000000e+00	0.000000000000000000e+00	0.000000000000000000e+00	0.000000000000000000e+00	0.000000000000000000e+00	0.000000000000000000e+00	-3.873326539993286133e+00	3.072926402091979980e-01	0.000000000000000000e+00
0.000000000000000000e+00	0.000000000000000000e+00	0.000000000000000000e+00	0.000000000000000000e+00	0.000000000000000000e+00	0.000000000000000000e+00	0.000000000000000000e+00	0.000000000000000000e+00	0.000000000000000000e+00	0.000000000000000000e+00	0.000000000000000000e+00	0.000000000000000000e+00	0.000000000000000000e+00	0.000000000000000000e+00	0.000000000000000000e+00	0.000000000000000000e+00	0.000000000000000000e+00	0.000000000000000000e+00	0.000000000000000000e+00	0.000000000000000000e+00
