0.000000000000000000e+00	0.000000000000000000e+00	0.000000000000000000e+00	1.264326333999633789e+00	1.631082892417907715e+00	0.000000000000000000e+00	0.000000000000000000e+00	2.650519847869873047e+00	0.000000000000000000e+00
0.000000000000000000e+00	0.000000000000000000e+00	0.000000000000000000e+00	0.000000000000000000e+00	0.000000000000000000e+00	0.000000000000000000e+00	0.000000000000000000e+00	8.149995654821395874e-02	3.281072616577148438e+00
0.000000000000000000e+00	0.000000000000000000e+00	0.000000000000000000e+00	0.000000000000000000e+00	0.000000000000000000e+00	0.000000000000000000e+00	1.054302334785461426e+00	2.774187326431274414e+00	2.892295122146606445e+00
0.000000000000000000e+00	0.000000000000000000e+00	0.000000000000000000e+00	0.000000000000000000e+00	0.000000000000000000e+00	0.000000000000000000e+00	0.000000000000000000e+00	0.000000000000000000e+00	0.000000000000000000e+00
0.000000000000000000e+00	0.000000000000000000e+00	0.000000000000000000e+00	0.000000000000000000e+00	-2.340765714645385742e+00	0.000000000000000000e+00	0.000000000000000000e+00	0.000000000000000000e+00	-3.234215259552001953e+00
0.000000000000000000e+00	0.000000000000000000e+00	0.000000000000000000e+00	0.000000000000000000e+00	-2.006450414657592773e+00	0.000000000000000000e+00	0.000000000000000000e+00	0.000000000000000000e+00	-2.473234653472900391e+00
-1.128898620605468750e+00	0.000000000000000000e+00	0.000000000000000000e+00	1.563429951667785645e+00	2.223748683929443359e+00	0.000000000000000000e+00	0.000000000000000000e+00	0.000000000000000000e+00	4.091262817382812500e+00
1.895991325378417969e+00	0.000000000000000000e+00	0.000000000000000000e+00	0.000000000000000000e+00	0.000000000000000000e+00	0.000000000000000000e+00	0.000000000000000000e+00	0.000000000000000000e+00	-4.210389614105224609e+00
0.000000000000000000e+00	0.000000000000000000e+00	0.000000000000000000e+00	0.000000000000000000e+00	-7.177820801734924316e-01	-3.126382589340209961e+00	0.000000000000000000e+00	0.000000000000000000e+00	4.017298221588134766e+00
-2.158742666244506836e+00	2.405903041362762451e-01	0.000000000000000000e+00	8.116346597671508789e-01	0.000000000000000000e+00	3.461089611053466797e+00	1.511572599411010742e+00	0.000000000000000000e+00	-4.340969562530517578e+00
