1.194016262888908386e-01	-2.110222727060317993e-01	-3.376755118370056152e-01	1.602981686592102051e-01	3.404800221323966980e-02	5.483802407979965210e-02	-4.950196146965026855e-01	3.441959023475646973e-01	4.626210629940032959e-01	8.091191053390502930e-01
1.546703279018402100e-01	-3.000941276550292969e-01	-6.211453676223754883e-01	2.411443740129470825e-01	1.020277440547943115e-01	-7.015997916460037231e-02	-3.071845769882202148e-01	-6.743419915437698364e-02	6.130573749542236328e-01	1.012812852859497070e+00
-2.415932863950729370e-01	-9.410660713911056519e-02	-1.472258269786834717e-01	-3.504534363746643066e-01	6.251920759677886963e-02	3.042662574443966150e-04	-5.092390179634094238e-01	-2.092231214046478271e-01	2.235600501298904419e-01	3.592954277992248535e-01
5.903844907879829407e-02	3.973117098212242126e-02	1.484418362379074097e-01	7.322388887405395508e-01	1.074051633477210999e-01	-3.654462099075317383e-02	2.224673628807067871e-01	-6.027342285960912704e-03	6.990250349044799805e-01	1.195731610059738159e-01
1.814052164554595947e-01	8.091125637292861938e-02	4.639785885810852051e-01	-2.138232141733169556e-01	2.416400797665119171e-02	-4.772106930613517761e-02	5.996542423963546753e-02	5.143882334232330322e-02	-4.444977343082427979e-01	-4.723194837570190430e-01
-2.103473432362079620e-02	2.233026680187322199e-05	-1.067591924220323563e-02	-1.266687456518411636e-02	-7.438926491886377335e-03	-3.289612493517779512e-07	9.488499164581298828e-02	-7.287716493010520935e-03	3.298513591289520264e-02	-4.585762321949005127e-02
-4.387535154819488525e-02	-4.483047500252723694e-02	9.772153943777084351e-02	8.135214447975158691e-02	7.773867249488830566e-02	5.293565336614847183e-03	-3.464128822088241577e-02	-2.356115877628326416e-01	-1.167739927768707275e-02	1.686282604932785034e-01
1.432585268048569560e-04	1.705381009742268361e-07	7.761318702250719070e-04	9.561945335008203983e-04	9.292903996538370848e-05	1.333317634077957337e-08	-2.140193246304988861e-04	3.967720840591937304e-04	1.766291679814457893e-03	8.397100027650594711e-04
-3.435863181948661804e-03	1.974392086267471313e-01	-7.493741810321807861e-02	5.048705935478210449e-01	1.975781917572021484e-01	1.326482859440147877e-03	8.088309317827224731e-02	1.292983815073966980e-02	2.768755555152893066e-01	2.401034533977508545e-01
-2.816886007785797119e-01	6.332623362541198730e-01	-7.723703384399414062e-01	7.323710620403289795e-02	5.070298165082931519e-02	1.599880307912826538e-01	-1.476208120584487915e-02	7.613167166709899902e-01	5.064260363578796387e-01	1.046628236770629883e+00
-6.526656448841094971e-02	5.490527225685160227e-30	-9.277945011854171753e-02	-6.339023262262344360e-02	-6.532682478427886963e-02	4.278090613899580690e-32	9.715251624584197998e-02	-3.088680095970630646e-02	1.605861037969589233e-01	-7.430653274059295654e-02
4.240974085405468941e-04	3.977609873374590545e-29	3.300084499642252922e-04	3.955732681788504124e-04	1.013784349197521806e-04	5.560079095839804114e-35	-4.522806921158917248e-05	-7.632903871126472950e-04	1.626838784432038665e-04	1.860310207121074200e-03
1.207708422157338646e-08	-1.042640765335525990e-21	1.681811245823894296e-09	1.170006157735770103e-06	1.641155267240179683e-10	-2.634735687103903750e-17	-1.091018919652242403e-08	-5.478498099620310313e-09	2.146273914149787743e-08	7.628811999893514439e-07
-1.099026948213577271e-02	3.093305788934230804e-02	-1.018029358237981796e-02	-7.545375078916549683e-02	-1.293514110147953033e-02	5.538674886338412762e-04	3.631133958697319031e-02	7.796908915042877197e-02	3.630506247282028198e-02	-2.198001742362976074e-02
1.310202330350875854e-01	1.505829239079048421e-09	-4.859967622905969620e-03	-6.618791818618774414e-02	-4.501235485076904297e-02	3.904160142352282141e-19	-1.556423902511596680e-01	1.529342532157897949e-01	-1.718037426471710205e-01	-7.491838186979293823e-02
