5.454512238502502441e-01	3.929532170295715332e-01	3.493812307715415955e-02	-8.931257128715515137e-01	1.721047330647706985e-03	-1.048057749867439270e-01	1.722111254930496216e-01	-1.205113649368286133e+00	1.583784222602844238e-01	8.888574838638305664e-01
-2.329321354627609253e-01	-4.172942638397216797e-01	-7.684581279754638672e-01	-1.369256339967250824e-02	-1.253941208124160767e-01	1.366554796695709229e-01	9.889602661132812500e-01	-2.993085384368896484e-01	1.794655174016952515e-01	3.505368828773498535e-01
-5.846309289336204529e-02	5.626620352268218994e-02	-6.992978043854236603e-03	3.553180098533630371e-01	1.372964587062597275e-02	1.441675983369350433e-02	2.786226868629455566e-01	1.750506013631820679e-01	1.236541941761970520e-01	2.369588986039161682e-02
-1.085854787379503250e-02	2.956454874947667122e-03	-3.426787257194519043e-01	5.737453699111938477e-02	1.050219833850860596e-01	5.741411223425529897e-05	-9.081258438527584076e-03	-2.913401089608669281e-02	1.416366547346115112e-01	1.199758574366569519e-01
-1.449287533760070801e-01	2.749536000192165375e-02	2.987843751907348633e-01	-3.120488524436950684e-01	-5.932223284617066383e-04	6.267402786761522293e-03	-5.471317172050476074e-01	-1.511529386043548584e-01	-6.584264636039733887e-01	-3.812361061573028564e-01
8.411064743995666504e-03	4.335368575993925333e-04	1.076834741979837418e-02	5.150875821709632874e-02	4.877077881246805191e-03	-7.066805119393393397e-05	-2.901080548763275146e-01	5.017309915274381638e-03	-2.131084725260734558e-02	1.520639061927795410e-01
-5.305707827210426331e-02	1.660509705543518066e-01	-1.989984512329101562e-01	3.394160568714141846e-01	-6.254681944847106934e-02	6.242449162527918816e-04	3.604972064495086670e-01	1.263520568609237671e-01	1.272932440042495728e-01	-4.582434520125389099e-02
4.121439633308909833e-05	7.229843474585923913e-33	-3.477275822660885751e-05	4.776916739501757547e-06	2.343546475458424538e-05	1.020574664630472025e-33	2.260486326122190803e-05	3.184255183441564441e-05	1.207065797643736005e-04	8.195000191335566342e-06
-5.471336469054222107e-02	-2.034138888120651245e-02	-1.624958366155624390e-01	-1.208883300423622131e-01	3.968419134616851807e-02	3.640256589278578758e-03	1.298146694898605347e-01	3.246725350618362427e-02	2.402040064334869385e-01	-4.260197654366493225e-02
-2.639191448688507080e-01	-1.975767314434051514e-02	-5.718424320220947266e-01	-2.977705597877502441e-01	-2.866070866584777832e-01	7.580546480312477797e-06	2.343447357416152954e-01	-5.416495800018310547e-01	1.042849302291870117e+00	-2.255547195672988892e-01
3.861780092120170593e-02	1.204998232424259186e-03	7.564000785350799561e-02	3.535661846399307251e-02	2.943747676908969879e-02	2.786097502394113690e-05	1.968037337064743042e-01	1.303071230649948120e-01	-3.236429765820503235e-02	4.576281607151031494e-01
-5.025969003327190876e-04	-5.389688794821267948e-06	-6.772493943572044373e-03	8.317849715240299702e-04	5.388430054154014215e-06	-1.454079412432918161e-09	1.127617508172988892e-01	6.168506573885679245e-03	-1.421813573688268661e-02	7.241319119930267334e-02
-1.476977296022141672e-08	4.552945408305458448e-30	-3.255103298016592817e-09	4.042815504590180353e-08	-7.174256189124150751e-10	5.700432160643472089e-27	9.976709236525493907e-09	3.552395932970853210e-09	1.266186018256121315e-07	3.935015158162968874e-08
1.059720572084188461e-02	-9.584169019944965839e-04	3.399963676929473877e-02	4.485082998871803284e-02	1.303683780133724213e-02	2.994413762280601077e-06	-1.520355697721242905e-02	-2.573301643133163452e-02	-6.726507842540740967e-02	1.358670182526111603e-02
2.671392261981964111e-02	-3.128331899642944336e-02	-1.759451441466808319e-02	9.191524237394332886e-02	1.407844945788383484e-02	-5.573650196311064065e-05	-9.215521812438964844e-02	5.558988079428672791e-02	-4.574782848358154297e-01	4.189414530992507935e-02
