0.000000000000000000e+00	0.000000000000000000e+00	0.000000000000000000e+00	0.000000000000000000e+00	0.000000000000000000e+00	-1.403200030326843262e+00	0.000000000000000000e+00
0.000000000000000000e+00	0.000000000000000000e+00	0.000000000000000000e+00	0.000000000000000000e+00	0.000000000000000000e+00	0.000000000000000000e+00	0.000000000000000000e+00
2.211181879043579102e+00	-1.470118045806884766e+00	0.000000000000000000e+00	1.008936762809753418e+00	0.000000000000000000e+00	0.000000000000000000e+00	0.000000000000000000e+00
0.000000000000000000e+00	0.000000000000000000e+00	1.362069368362426758e+00	0.000000000000000000e+00	0.000000000000000000e+00	0.000000000000000000e+00	0.000000000000000000e+00
0.000000000000000000e+00	0.000000000000000000e+00	0.000000000000000000e+00	1.101641774177551270e+00	0.000000000000000000e+00	0.000000000000000000e+00	0.000000000000000000e+00
0.000000000000000000e+00	0.000000000000000000e+00	0.000000000000000000e+00	0.000000000000000000e+00	0.000000000000000000e+00	0.000000000000000000e+00	0.000000000000000000e+00
0.000000000000000000e+00	0.000000000000000000e+00	0.000000000000000000e+00	0.000000000000000000e+00	0.000000000000000000e+00	2.094122171401977539e+00	0.000000000000000000e+00
0.000000000000000000e+00	0.000000000000000000e+00	1.281435966491699219e+00	-1.131100773811340332e+00	0.000000000000000000e+00	0.000000000000000000e+00	2.751940727233886719e+00
-1.663449645042419434e+00	0.000000000000000000e+00	0.000000000000000000e+00	0.000000000000000000e+00	0.000000000000000000e+00	1.070348381996154785e+00	-1.912022948265075684e+00
0.000000000000000000e+00	0.000000000000000000e+00	1.781332969665527344e+00	0.000000000000000000e+00	0.000000000000000000e+00	0.000000000000000000e+00	0.000000000000000000e+00
