4.482246637344360352e-01	4.327014684677124023e-01	-4.732622206211090088e-01	-2.020218074321746826e-01	-1.182623580098152161e-01
-1.814343482255935669e-01	-3.292288631200790405e-02	-4.347671940922737122e-02	1.499813795089721680e-01	1.790702790021896362e-01
4.349368438124656677e-02	-4.512465000152587891e-02	-2.824915573000907898e-02	3.870122507214546204e-02	0.000000000000000000e+00
0.000000000000000000e+00	3.874098137021064758e-02	0.000000000000000000e+00	0.000000000000000000e+00	0.000000000000000000e+00
0.000000000000000000e+00	0.000000000000000000e+00	0.000000000000000000e+00	0.000000000000000000e+00	0.000000000000000000e+00
0.000000000000000000e+00	0.000000000000000000e+00	0.000000000000000000e+00	0.000000000000000000e+00	0.000000000000000000e+00
0.000000000000000000e+00	0.000000000000000000e+00	0.000000000000000000e+00	0.000000000000000000e+00	0.000000000000000000e+00
-5.880207568407058716e-02	8.438252657651901245e-02	4.566444084048271179e-02	0.000000000000000000e+00	-2.099955454468727112e-02
-2.730119414627552032e-02	7.353154569864273071e-02	0.000000000000000000e+00	7.689134776592254639e-02	0.000000000000000000e+00
0.000000000000000000e+00	0.000000000000000000e+00	0.000000000000000000e+00	0.000000000000000000e+00	0.000000000000000000e+00
0.000000000000000000e+00	0.000000000000000000e+00	0.000000000000000000e+00	0.000000000000000000e+00	0.000000000000000000e+00
0.000000000000000000e+00	0.000000000000000000e+00	0.000000000000000000e+00	0.000000000000000000e+00	0.000000000000000000e+00
0.000000000000000000e+00	0.000000000000000000e+00	0.000000000000000000e+00	0.000000000000000000e+00	0.000000000000000000e+00
0.000000000000000000e+00	0.000000000000000000e+00	0.000000000000000000e+00	0.000000000000000000e+00	0.000000000000000000e+00
0.000000000000000000e+00	-4.906766489148139954e-02	0.000000000000000000e+00	0.000000000000000000e+00	0.000000000000000000e+00
