4.356669187545776367e-01	5.424056649208068848e-01	1.422685682773590088e-01	-5.637935996055603027e-01	-1.064429804682731628e-01
-2.710161209106445312e-01	-7.781057059764862061e-02	-2.258602082729339600e-01	-4.532655701041221619e-02	1.350630074739456177e-01
-6.287740916013717651e-02	-3.601565659046173096e-01	-5.332846194505691528e-02	-2.058971114456653595e-02	0.000000000000000000e+00
3.363007307052612305e-02	2.818814665079116821e-02	0.000000000000000000e+00	-8.826654404401779175e-02	0.000000000000000000e+00
0.000000000000000000e+00	1.057476848363876343e-01	0.000000000000000000e+00	0.000000000000000000e+00	0.000000000000000000e+00
0.000000000000000000e+00	8.080512285232543945e-02	0.000000000000000000e+00	0.000000000000000000e+00	0.000000000000000000e+00
0.000000000000000000e+00	0.000000000000000000e+00	0.000000000000000000e+00	0.000000000000000000e+00	0.000000000000000000e+00
5.388855561614036560e-02	-8.310347795486450195e-02	-4.570800811052322388e-02	0.000000000000000000e+00	2.486162818968296051e-02
0.000000000000000000e+00	0.000000000000000000e+00	0.000000000000000000e+00	0.000000000000000000e+00	0.000000000000000000e+00
0.000000000000000000e+00	0.000000000000000000e+00	0.000000000000000000e+00	0.000000000000000000e+00	0.000000000000000000e+00
0.000000000000000000e+00	0.000000000000000000e+00	0.000000000000000000e+00	0.000000000000000000e+00	0.000000000000000000e+00
0.000000000000000000e+00	0.000000000000000000e+00	0.000000000000000000e+00	0.000000000000000000e+00	0.000000000000000000e+00
0.000000000000000000e+00	0.000000000000000000e+00	0.000000000000000000e+00	0.000000000000000000e+00	0.000000000000000000e+00
0.000000000000000000e+00	0.000000000000000000e+00	0.000000000000000000e+00	0.000000000000000000e+00	0.000000000000000000e+00
0.000000000000000000e+00	0.000000000000000000e+00	0.000000000000000000e+00	0.000000000000000000e+00	0.000000000000000000e+00
