3.204606176775148807e-13	2.866111821074775190e-14	6.507736710625877663e-11
0.000000000000000000e+00	0.000000000000000000e+00	0.000000000000000000e+00
3.978150743932928890e-06	3.843777230940759182e-04	6.111296443123137578e-06
0.000000000000000000e+00	0.000000000000000000e+00	0.000000000000000000e+00
0.000000000000000000e+00	3.067929937872193591e-11	6.855653064504792097e-17
0.000000000000000000e+00	0.000000000000000000e+00	0.000000000000000000e+00
0.000000000000000000e+00	0.000000000000000000e+00	0.000000000000000000e+00
-3.522290195102743466e-22	-5.462491373808602199e-26	9.153206331390502396e-25
0.000000000000000000e+00	0.000000000000000000e+00	0.000000000000000000e+00
0.000000000000000000e+00	0.000000000000000000e+00	0.000000000000000000e+00
0.000000000000000000e+00	0.000000000000000000e+00	0.000000000000000000e+00
-1.676147393940770338e-24	6.933908742318140028e-13	-1.705654198582101064e-17
0.000000000000000000e+00	0.000000000000000000e+00	0.000000000000000000e+00
0.000000000000000000e+00	0.000000000000000000e+00	0.000000000000000000e+00
0.000000000000000000e+00	0.000000000000000000e+00	0.000000000000000000e+00
