2.050033927336603057e-11	3.212952287867665291e-05	4.786508522869326043e-09
-2.059920732600312361e-16	-2.102065854714396664e-09	-8.038120863362863133e-11
0.000000000000000000e+00	-5.950709353443398020e-14	-9.233385008371131655e-21
0.000000000000000000e+00	0.000000000000000000e+00	0.000000000000000000e+00
0.000000000000000000e+00	0.000000000000000000e+00	0.000000000000000000e+00
5.344301441141804596e-15	1.684918942146396148e-07	-4.178547698824308654e-14
0.000000000000000000e+00	0.000000000000000000e+00	0.000000000000000000e+00
0.000000000000000000e+00	0.000000000000000000e+00	0.000000000000000000e+00
0.000000000000000000e+00	0.000000000000000000e+00	0.000000000000000000e+00
0.000000000000000000e+00	1.656731160480565574e-27	-1.378681507110614523e-39
0.000000000000000000e+00	0.000000000000000000e+00	0.000000000000000000e+00
0.000000000000000000e+00	0.000000000000000000e+00	0.000000000000000000e+00
0.000000000000000000e+00	-6.287062501422006575e-20	0.000000000000000000e+00
0.000000000000000000e+00	0.000000000000000000e+00	0.000000000000000000e+00
0.000000000000000000e+00	0.000000000000000000e+00	0.000000000000000000e+00
