4.038460087031126022e-03	5.214079748839139938e-03	0.000000000000000000e+00
0.000000000000000000e+00	0.000000000000000000e+00	1.387240409851074219e+00
1.966906666755676270e+00	0.000000000000000000e+00	0.000000000000000000e+00
0.000000000000000000e+00	0.000000000000000000e+00	0.000000000000000000e+00
2.180018424987792969e-01	-9.622553586959838867e-01	0.000000000000000000e+00
0.000000000000000000e+00	1.414338588714599609e+00	1.013084053993225098e+00
0.000000000000000000e+00	4.920824896544218063e-03	0.000000000000000000e+00
0.000000000000000000e+00	0.000000000000000000e+00	0.000000000000000000e+00
0.000000000000000000e+00	0.000000000000000000e+00	0.000000000000000000e+00
1.495624780654907227e-01	8.994250893592834473e-01	0.000000000000000000e+00
0.000000000000000000e+00	0.000000000000000000e+00	0.000000000000000000e+00
-2.086518257856369019e-01	-4.643647074699401855e-01	0.000000000000000000e+00
0.000000000000000000e+00	0.000000000000000000e+00	0.000000000000000000e+00
0.000000000000000000e+00	0.000000000000000000e+00	1.836440443992614746e+00
0.000000000000000000e+00	0.000000000000000000e+00	0.000000000000000000e+00
