0.000000000000000000e+00	0.000000000000000000e+00	0.000000000000000000e+00
0.000000000000000000e+00	0.000000000000000000e+00	0.000000000000000000e+00
0.000000000000000000e+00	1.089301612228155136e-02	0.000000000000000000e+00
0.000000000000000000e+00	0.000000000000000000e+00	0.000000000000000000e+00
-4.500137329101562500e+00	-1.195690822601318359e+01	1.100590133666992188e+01
4.932264328002929688e+00	7.007531642913818359e+00	-5.975535392761230469e+00
0.000000000000000000e+00	0.000000000000000000e+00	0.000000000000000000e+00
0.000000000000000000e+00	0.000000000000000000e+00	0.000000000000000000e+00
0.000000000000000000e+00	0.000000000000000000e+00	0.000000000000000000e+00
8.162126541137695312e+00	1.096428108215332031e+01	-9.098994255065917969e+00
0.000000000000000000e+00	0.000000000000000000e+00	0.000000000000000000e+00
-4.084065437316894531e+00	-4.549485206604003906e+00	4.130307674407958984e+00
-1.858534961938858032e-01	0.000000000000000000e+00	0.000000000000000000e+00
0.000000000000000000e+00	0.000000000000000000e+00	0.000000000000000000e+00
0.000000000000000000e+00	0.000000000000000000e+00	0.000000000000000000e+00
