0.000000000000000000e+00	0.000000000000000000e+00	5.756248810939723626e-10	-1.415912803670593689e-10	0.000000000000000000e+00	0.000000000000000000e+00	0.000000000000000000e+00
0.000000000000000000e+00	0.000000000000000000e+00	-6.355233561627926520e-10	0.000000000000000000e+00	0.000000000000000000e+00	0.000000000000000000e+00	0.000000000000000000e+00
-2.976257695158635030e-12	0.000000000000000000e+00	0.000000000000000000e+00	0.000000000000000000e+00	0.000000000000000000e+00	1.560382969501006301e-07	0.000000000000000000e+00
0.000000000000000000e+00	0.000000000000000000e+00	0.000000000000000000e+00	0.000000000000000000e+00	-1.702148838544914611e-10	0.000000000000000000e+00	0.000000000000000000e+00
1.374385494301577637e-08	-1.862773935101813549e-08	1.966246827578288503e-07	-3.055923070149901832e-09	4.413813712744740769e-06	1.087681198441714514e-06	0.000000000000000000e+00
2.156521706001002237e-12	0.000000000000000000e+00	0.000000000000000000e+00	0.000000000000000000e+00	0.000000000000000000e+00	0.000000000000000000e+00	0.000000000000000000e+00
-1.086103566194651648e-06	0.000000000000000000e+00	-4.993519908680355002e-08	-2.799878551229539880e-08	6.469811523857060820e-06	0.000000000000000000e+00	-2.516226560445034011e-09
0.000000000000000000e+00	-2.116453288181219250e-07	0.000000000000000000e+00	-5.783471479503532464e-09	0.000000000000000000e+00	0.000000000000000000e+00	0.000000000000000000e+00
0.000000000000000000e+00	0.000000000000000000e+00	-1.829484203019760002e-10	0.000000000000000000e+00	0.000000000000000000e+00	0.000000000000000000e+00	0.000000000000000000e+00
0.000000000000000000e+00	7.585214123473349446e-10	7.467977625186250634e-11	0.000000000000000000e+00	5.447008516057394445e-05	-2.460248393898467612e-10	0.000000000000000000e+00
0.000000000000000000e+00	0.000000000000000000e+00	0.000000000000000000e+00	0.000000000000000000e+00	0.000000000000000000e+00	0.000000000000000000e+00	0.000000000000000000e+00
0.000000000000000000e+00	0.000000000000000000e+00	0.000000000000000000e+00	0.000000000000000000e+00	-2.548353677411796525e-06	0.000000000000000000e+00	0.000000000000000000e+00
0.000000000000000000e+00	0.000000000000000000e+00	6.926141327134871517e-10	-1.878725369719447258e-10	0.000000000000000000e+00	0.000000000000000000e+00	0.000000000000000000e+00
-7.424978684866800904e-05	-1.591713771631475538e-05	-2.870247590180952102e-05	-1.823641650844365358e-05	0.000000000000000000e+00	-3.825234102805552538e-07	1.080804512554323082e-08
0.000000000000000000e+00	0.000000000000000000e+00	5.322936402762934449e-08	3.423586747430817923e-08	0.000000000000000000e+00	0.000000000000000000e+00	0.000000000000000000e+00
0.000000000000000000e+00	0.000000000000000000e+00	0.000000000000000000e+00	0.000000000000000000e+00	0.000000000000000000e+00	0.000000000000000000e+00	0.000000000000000000e+00
0.000000000000000000e+00	0.000000000000000000e+00	0.000000000000000000e+00	0.000000000000000000e+00	0.000000000000000000e+00	0.000000000000000000e+00	0.000000000000000000e+00
3.544848303782544008e-10	0.000000000000000000e+00	0.000000000000000000e+00	0.000000000000000000e+00	0.000000000000000000e+00	0.000000000000000000e+00	0.000000000000000000e+00
0.000000000000000000e+00	3.136153836624799851e-10	5.891303417326909653e-11	0.000000000000000000e+00	0.000000000000000000e+00	0.000000000000000000e+00	0.000000000000000000e+00
0.000000000000000000e+00	0.000000000000000000e+00	0.000000000000000000e+00	0.000000000000000000e+00	0.000000000000000000e+00	0.000000000000000000e+00	0.000000000000000000e+00
-3.957470937621110352e-07	0.000000000000000000e+00	-1.171092467444623253e-08	0.000000000000000000e+00	-1.527490911534812312e-10	0.000000000000000000e+00	-3.183660366584684098e-12
0.000000000000000000e+00	0.000000000000000000e+00	0.000000000000000000e+00	0.000000000000000000e+00	0.000000000000000000e+00	0.000000000000000000e+00	0.000000000000000000e+00
-1.981654895644169301e-05	-2.517304346838500351e-05	1.587839360581710935e-04	0.000000000000000000e+00	-1.500256075814832002e-06	3.431684376664634328e-07	-3.735125923831628114e-12
-9.183533933310172870e-09	0.000000000000000000e+00	1.456623044404636858e-09	0.000000000000000000e+00	0.000000000000000000e+00	0.000000000000000000e+00	0.000000000000000000e+00
0.000000000000000000e+00	0.000000000000000000e+00	0.000000000000000000e+00	0.000000000000000000e+00	0.000000000000000000e+00	0.000000000000000000e+00	0.000000000000000000e+00
0.000000000000000000e+00	-8.664229511623489088e-08	6.665197815891588107e-07	0.000000000000000000e+00	0.000000000000000000e+00	0.000000000000000000e+00	0.000000000000000000e+00
5.371882139115768950e-07	0.000000000000000000e+00	5.552318071977424552e-08	-1.523960833083037869e-07	3.136122117552986310e-08	0.000000000000000000e+00	0.000000000000000000e+00
0.000000000000000000e+00	0.000000000000000000e+00	0.000000000000000000e+00	0.000000000000000000e+00	1.037730326061137021e-04	-1.030184506589648663e-07	0.000000000000000000e+00
