0.000000000000000000e+00	0.000000000000000000e+00	0.000000000000000000e+00	-2.360535621643066406e+00	0.000000000000000000e+00	0.000000000000000000e+00	0.000000000000000000e+00	0.000000000000000000e+00	0.000000000000000000e+00	-3.723651409149169922e+00	-2.352433919906616211e+00	0.000000000000000000e+00	0.000000000000000000e+00	0.000000000000000000e+00
-3.841908931732177734e+00	0.000000000000000000e+00	0.000000000000000000e+00	0.000000000000000000e+00	0.000000000000000000e+00	4.528409004211425781e+00	0.000000000000000000e+00	0.000000000000000000e+00	-3.643622398376464844e+00	-2.939116477966308594e+00	0.000000000000000000e+00	0.000000000000000000e+00	0.000000000000000000e+00	0.000000000000000000e+00
0.000000000000000000e+00	0.000000000000000000e+00	0.000000000000000000e+00	-6.122877597808837891e-01	0.000000000000000000e+00	3.777090549468994141e+00	0.000000000000000000e+00	0.000000000000000000e+00	0.000000000000000000e+00	0.000000000000000000e+00	0.000000000000000000e+00	0.000000000000000000e+00	0.000000000000000000e+00	0.000000000000000000e+00
-3.565397739410400391e+00	0.000000000000000000e+00	0.000000000000000000e+00	0.000000000000000000e+00	0.000000000000000000e+00	0.000000000000000000e+00	0.000000000000000000e+00	0.000000000000000000e+00	-5.086351871490478516e+00	0.000000000000000000e+00	0.000000000000000000e+00	0.000000000000000000e+00	0.000000000000000000e+00	0.000000000000000000e+00
0.000000000000000000e+00	0.000000000000000000e+00	-3.162062644958496094e+00	0.000000000000000000e+00	0.000000000000000000e+00	3.478502273559570312e+00	0.000000000000000000e+00	0.000000000000000000e+00	0.000000000000000000e+00	0.000000000000000000e+00	0.000000000000000000e+00	2.805160284042358398e+00	-3.135885953903198242e+00	0.000000000000000000e+00
0.000000000000000000e+00	0.000000000000000000e+00	0.000000000000000000e+00	-3.555620431900024414e+00	0.000000000000000000e+00	0.000000000000000000e+00	0.000000000000000000e+00	0.000000000000000000e+00	0.000000000000000000e+00	0.000000000000000000e+00	0.000000000000000000e+00	-3.798350811004638672e+00	0.000000000000000000e+00	0.000000000000000000e+00
0.000000000000000000e+00	0.000000000000000000e+00	0.000000000000000000e+00	0.000000000000000000e+00	0.000000000000000000e+00	0.000000000000000000e+00	0.000000000000000000e+00	-2.005796194076538086e+00	0.000000000000000000e+00	-3.302962064743041992e+00	-2.072919607162475586e+00	0.000000000000000000e+00	0.000000000000000000e+00	0.000000000000000000e+00
0.000000000000000000e+00	0.000000000000000000e+00	2.942831754684448242e+00	0.000000000000000000e+00	0.000000000000000000e+00	0.000000000000000000e+00	0.000000000000000000e+00	0.000000000000000000e+00	0.000000000000000000e+00	0.000000000000000000e+00	0.000000000000000000e+00	0.000000000000000000e+00	0.000000000000000000e+00	0.000000000000000000e+00
0.000000000000000000e+00	0.000000000000000000e+00	0.000000000000000000e+00	0.000000000000000000e+00	0.000000000000000000e+00	0.000000000000000000e+00	0.000000000000000000e+00	0.000000000000000000e+00	0.000000000000000000e+00	0.000000000000000000e+00	-3.451188325881958008e+00	0.000000000000000000e+00	0.000000000000000000e+00	0.000000000000000000e+00
0.000000000000000000e+00	1.097655773162841797e+00	0.000000000000000000e+00	-2.363128423690795898e+00	0.000000000000000000e+00	1.980225801467895508e+00	0.000000000000000000e+00	0.000000000000000000e+00	0.000000000000000000e+00	0.000000000000000000e+00	0.000000000000000000e+00	0.000000000000000000e+00	0.000000000000000000e+00	4.722613334655761719e+00
-3.869742155075073242e+00	0.000000000000000000e+00	0.000000000000000000e+00	0.000000000000000000e+00	0.000000000000000000e+00	0.000000000000000000e+00	0.000000000000000000e+00	0.000000000000000000e+00	0.000000000000000000e+00	-3.743459701538085938e+00	-4.033725261688232422e+00	0.000000000000000000e+00	0.000000000000000000e+00	0.000000000000000000e+00
0.000000000000000000e+00	0.000000000000000000e+00	3.940493345260620117e+00	0.000000000000000000e+00	0.000000000000000000e+00	0.000000000000000000e+00	0.000000000000000000e+00	0.000000000000000000e+00	0.000000000000000000e+00	3.215512037277221680e+00	0.000000000000000000e+00	0.000000000000000000e+00	0.000000000000000000e+00	0.000000000000000000e+00
4.153161048889160156e+00	0.000000000000000000e+00	0.000000000000000000e+00	0.000000000000000000e+00	0.000000000000000000e+00	-2.388382911682128906e+00	0.000000000000000000e+00	0.000000000000000000e+00	0.000000000000000000e+00	4.668475151062011719e+00	0.000000000000000000e+00	0.000000000000000000e+00	0.000000000000000000e+00	-4.211503982543945312e+00
0.000000000000000000e+00	0.000000000000000000e+00	0.000000000000000000e+00	0.000000000000000000e+00	0.000000000000000000e+00	0.000000000000000000e+00	3.598792552947998047e+00	0.000000000000000000e+00	0.000000000000000000e+00	0.000000000000000000e+00	3.186220407485961914e+00	0.000000000000000000e+00	0.000000000000000000e+00	0.000000000000000000e+00
0.000000000000000000e+00	0.000000000000000000e+00	2.194262742996215820e+00	0.000000000000000000e+00	3.544660568237304688e+00	-2.616955518722534180e+00	0.000000000000000000e+00	0.000000000000000000e+00	0.000000000000000000e+00	0.000000000000000000e+00	0.000000000000000000e+00	0.000000000000000000e+00	0.000000000000000000e+00	-3.667372703552246094e+00
-4.697778224945068359e+00	-3.817098140716552734e+00	0.000000000000000000e+00	0.000000000000000000e+00	0.000000000000000000e+00	1.074755787849426270e+00	1.264086604118347168e+00	0.000000000000000000e+00	0.000000000000000000e+00	-3.695196390151977539e+00	0.000000000000000000e+00	0.000000000000000000e+00	-3.127244234085083008e+00	4.542560100555419922e+00
0.000000000000000000e+00	0.000000000000000000e+00	0.000000000000000000e+00	-6.441596031188964844e+00	0.000000000000000000e+00	0.000000000000000000e+00	-4.152455329895019531e+00	0.000000000000000000e+00	0.000000000000000000e+00	0.000000000000000000e+00	0.000000000000000000e+00	0.000000000000000000e+00	0.000000000000000000e+00	0.000000000000000000e+00
0.000000000000000000e+00	0.000000000000000000e+00	0.000000000000000000e+00	0.000000000000000000e+00	0.000000000000000000e+00	0.000000000000000000e+00	0.000000000000000000e+00	0.000000000000000000e+00	0.000000000000000000e+00	0.000000000000000000e+00	0.000000000000000000e+00	0.000000000000000000e+00	2.740689516067504883e+00	-4.594896793365478516e+00
0.000000000000000000e+00	0.000000000000000000e+00	0.000000000000000000e+00	2.788776874542236328e+00	3.323759555816650391e+00	0.000000000000000000e+00	0.000000000000000000e+00	0.000000000000000000e+00	0.000000000000000000e+00	0.000000000000000000e+00	0.000000000000000000e+00	-1.176725864410400391e+00	0.000000000000000000e+00	0.000000000000000000e+00
0.000000000000000000e+00	0.000000000000000000e+00	-1.931422710418701172e+00	0.000000000000000000e+00	0.000000000000000000e+00	1.653430700302124023e+00	0.000000000000000000e+00	0.000000000000000000e+00	0.000000000000000000e+00	0.000000000000000000e+00	0.000000000000000000e+00	2.933353662490844727e+00	0.000000000000000000e+00	4.658503055572509766e+00
0.000000000000000000e+00	0.000000000000000000e+00	2.745067834854125977e+00	0.000000000000000000e+00	0.000000000000000000e+00	0.000000000000000000e+00	0.000000000000000000e+00	0.000000000000000000e+00	0.000000000000000000e+00	0.000000000000000000e+00	3.359733819961547852e+00	0.000000000000000000e+00	3.095272541046142578e+00	-3.812629461288452148e+00
0.000000000000000000e+00	0.000000000000000000e+00	-2.425653219223022461e+00	0.000000000000000000e+00	0.000000000000000000e+00	1.567388296127319336e+00	0.000000000000000000e+00	0.000000000000000000e+00	0.000000000000000000e+00	-3.618715286254882812e+00	-2.529115915298461914e+00	0.000000000000000000e+00	0.000000000000000000e+00	3.288162946701049805e+00
-2.901494741439819336e+00	0.000000000000000000e+00	0.000000000000000000e+00	-1.629319906234741211e+00	0.000000000000000000e+00	0.000000000000000000e+00	0.000000000000000000e+00	0.000000000000000000e+00	0.000000000000000000e+00	0.000000000000000000e+00	0.000000000000000000e+00	0.000000000000000000e+00	0.000000000000000000e+00	0.000000000000000000e+00
0.000000000000000000e+00	0.000000000000000000e+00	0.000000000000000000e+00	-2.492449760437011719e+00	0.000000000000000000e+00	0.000000000000000000e+00	0.000000000000000000e+00	0.000000000000000000e+00	0.000000000000000000e+00	0.000000000000000000e+00	0.000000000000000000e+00	0.000000000000000000e+00	0.000000000000000000e+00	0.000000000000000000e+00
0.000000000000000000e+00	0.000000000000000000e+00	0.000000000000000000e+00	0.000000000000000000e+00	0.000000000000000000e+00	0.000000000000000000e+00	0.000000000000000000e+00	0.000000000000000000e+00	4.154594898223876953e+00	4.082715034484863281e+00	0.000000000000000000e+00	0.000000000000000000e+00	0.000000000000000000e+00	0.000000000000000000e+00
0.000000000000000000e+00	0.000000000000000000e+00	3.662424087524414062e+00	3.307801961898803711e+00	0.000000000000000000e+00	0.000000000000000000e+00	0.000000000000000000e+00	0.000000000000000000e+00	0.000000000000000000e+00	0.000000000000000000e+00	0.000000000000000000e+00	0.000000000000000000e+00	0.000000000000000000e+00	0.000000000000000000e+00
0.000000000000000000e+00	0.000000000000000000e+00	0.000000000000000000e+00	0.000000000000000000e+00	0.000000000000000000e+00	0.000000000000000000e+00	0.000000000000000000e+00	0.000000000000000000e+00	0.000000000000000000e+00	0.000000000000000000e+00	0.000000000000000000e+00	0.000000000000000000e+00	-2.853916645050048828e+00	0.000000000000000000e+00
0.000000000000000000e+00	0.000000000000000000e+00	-3.249059915542602539e+00	0.000000000000000000e+00	0.000000000000000000e+00	0.000000000000000000e+00	0.000000000000000000e+00	2.335940122604370117e+00	-3.206603765487670898e+00	0.000000000000000000e+00	0.000000000000000000e+00	0.000000000000000000e+00	0.000000000000000000e+00	0.000000000000000000e+00
