0.000000000000000000e+00	-2.655245959758758545e-01	1.056990742683410645e+00	-2.049124240875244141e-01	0.000000000000000000e+00	6.829525232315063477e-01	-1.099439620971679688e+00	1.058300018310546875e+00	0.000000000000000000e+00	1.202405095100402832e+00
0.000000000000000000e+00	0.000000000000000000e+00	-8.295594453811645508e-01	1.628836631774902344e+00	-3.833789229393005371e-01	0.000000000000000000e+00	0.000000000000000000e+00	0.000000000000000000e+00	1.105206757783889771e-01	-9.433107972145080566e-01
0.000000000000000000e+00	0.000000000000000000e+00	0.000000000000000000e+00	0.000000000000000000e+00	0.000000000000000000e+00	0.000000000000000000e+00	0.000000000000000000e+00	0.000000000000000000e+00	0.000000000000000000e+00	1.112931013107299805e+00
0.000000000000000000e+00	0.000000000000000000e+00	1.307654619216918945e+00	1.562031865119934082e+00	0.000000000000000000e+00	2.431359767913818359e+00	0.000000000000000000e+00	0.000000000000000000e+00	0.000000000000000000e+00	0.000000000000000000e+00
-3.541681468486785889e-01	0.000000000000000000e+00	0.000000000000000000e+00	0.000000000000000000e+00	-2.643343806266784668e-01	0.000000000000000000e+00	0.000000000000000000e+00	0.000000000000000000e+00	0.000000000000000000e+00	-5.301255583763122559e-01
1.452479362487792969e+00	0.000000000000000000e+00	0.000000000000000000e+00	0.000000000000000000e+00	0.000000000000000000e+00	0.000000000000000000e+00	0.000000000000000000e+00	0.000000000000000000e+00	0.000000000000000000e+00	0.000000000000000000e+00
0.000000000000000000e+00	-6.310661435127258301e-01	0.000000000000000000e+00	0.000000000000000000e+00	0.000000000000000000e+00	1.085124135017395020e+00	0.000000000000000000e+00	-1.253737807273864746e-01	0.000000000000000000e+00	0.000000000000000000e+00
0.000000000000000000e+00	8.483378291130065918e-01	0.000000000000000000e+00	-7.179191708564758301e-01	0.000000000000000000e+00	0.000000000000000000e+00	0.000000000000000000e+00	0.000000000000000000e+00	0.000000000000000000e+00	0.000000000000000000e+00
0.000000000000000000e+00	-1.154773116111755371e+00	8.242985606193542480e-01	0.000000000000000000e+00	5.509557723999023438e-01	2.275778293609619141e+00	0.000000000000000000e+00	-5.304535031318664551e-01	0.000000000000000000e+00	0.000000000000000000e+00
0.000000000000000000e+00	0.000000000000000000e+00	0.000000000000000000e+00	0.000000000000000000e+00	0.000000000000000000e+00	-9.640545845031738281e-01	0.000000000000000000e+00	0.000000000000000000e+00	0.000000000000000000e+00	-3.060379326343536377e-01
0.000000000000000000e+00	0.000000000000000000e+00	0.000000000000000000e+00	0.000000000000000000e+00	0.000000000000000000e+00	0.000000000000000000e+00	0.000000000000000000e+00	0.000000000000000000e+00	0.000000000000000000e+00	0.000000000000000000e+00
0.000000000000000000e+00	0.000000000000000000e+00	0.000000000000000000e+00	0.000000000000000000e+00	0.000000000000000000e+00	0.000000000000000000e+00	0.000000000000000000e+00	0.000000000000000000e+00	0.000000000000000000e+00	0.000000000000000000e+00
-6.890255212783813477e-02	0.000000000000000000e+00	-8.094433695077896118e-02	0.000000000000000000e+00	0.000000000000000000e+00	0.000000000000000000e+00	1.024987697601318359e-01	0.000000000000000000e+00	0.000000000000000000e+00	0.000000000000000000e+00
-1.635715067386627197e-01	-4.153961241245269775e-01	0.000000000000000000e+00	6.879074033349752426e-03	2.230024188756942749e-01	3.720968663692474365e-01	2.273027598857879639e-01	0.000000000000000000e+00	-2.135209888219833374e-01	-2.261751592159271240e-01
0.000000000000000000e+00	-2.164651453495025635e-02	0.000000000000000000e+00	0.000000000000000000e+00	0.000000000000000000e+00	0.000000000000000000e+00	0.000000000000000000e+00	0.000000000000000000e+00	-5.989301949739456177e-03	0.000000000000000000e+00
