4.108850479125976562e+00	3.676159381866455078e+00	3.813448667526245117e+00	-4.901593208312988281e+00	0.000000000000000000e+00	-1.609935760498046875e+00	-3.020519018173217773e+00	0.000000000000000000e+00	0.000000000000000000e+00	3.734093427658081055e+00
0.000000000000000000e+00	-6.722591400146484375e+00	-3.794229269027709961e+00	6.017449855804443359e+00	-2.155818223953247070e+00	4.238899707794189453e+00	3.838124275207519531e+00	-3.144428253173828125e+00	0.000000000000000000e+00	0.000000000000000000e+00
-1.441040515899658203e+00	0.000000000000000000e+00	0.000000000000000000e+00	0.000000000000000000e+00	0.000000000000000000e+00	0.000000000000000000e+00	0.000000000000000000e+00	0.000000000000000000e+00	0.000000000000000000e+00	0.000000000000000000e+00
0.000000000000000000e+00	-3.753503561019897461e+00	-3.773269414901733398e+00	3.791071653366088867e+00	-1.841536402702331543e+00	3.694893836975097656e+00	0.000000000000000000e+00	-2.908493280410766602e+00	3.423807859420776367e+00	-1.455441832542419434e+00
0.000000000000000000e+00	0.000000000000000000e+00	0.000000000000000000e+00	0.000000000000000000e+00	0.000000000000000000e+00	1.402758240699768066e+00	0.000000000000000000e+00	0.000000000000000000e+00	0.000000000000000000e+00	0.000000000000000000e+00
0.000000000000000000e+00	1.957378029823303223e+00	0.000000000000000000e+00	-1.777759552001953125e+00	0.000000000000000000e+00	0.000000000000000000e+00	-1.107562422752380371e+00	1.394578814506530762e+00	0.000000000000000000e+00	0.000000000000000000e+00
-4.186641216278076172e+00	0.000000000000000000e+00	0.000000000000000000e+00	9.677165985107421875e+00	-1.962290644645690918e+00	0.000000000000000000e+00	0.000000000000000000e+00	0.000000000000000000e+00	0.000000000000000000e+00	-4.307535648345947266e+00
0.000000000000000000e+00	1.688481330871582031e+00	0.000000000000000000e+00	-1.749334692955017090e+00	9.871531128883361816e-01	0.000000000000000000e+00	0.000000000000000000e+00	0.000000000000000000e+00	-1.559412837028503418e+00	0.000000000000000000e+00
0.000000000000000000e+00	0.000000000000000000e+00	-3.372743129730224609e+00	3.009248018264770508e+00	0.000000000000000000e+00	0.000000000000000000e+00	2.612806320190429688e+00	0.000000000000000000e+00	3.176602840423583984e+00	-1.964182257652282715e+00
0.000000000000000000e+00	0.000000000000000000e+00	0.000000000000000000e+00	0.000000000000000000e+00	4.999616444110870361e-01	0.000000000000000000e+00	-5.867462754249572754e-01	7.293469309806823730e-01	0.000000000000000000e+00	0.000000000000000000e+00
0.000000000000000000e+00	0.000000000000000000e+00	0.000000000000000000e+00	0.000000000000000000e+00	0.000000000000000000e+00	0.000000000000000000e+00	0.000000000000000000e+00	0.000000000000000000e+00	0.000000000000000000e+00	0.000000000000000000e+00
0.000000000000000000e+00	0.000000000000000000e+00	0.000000000000000000e+00	0.000000000000000000e+00	0.000000000000000000e+00	0.000000000000000000e+00	0.000000000000000000e+00	0.000000000000000000e+00	0.000000000000000000e+00	0.000000000000000000e+00
0.000000000000000000e+00	0.000000000000000000e+00	0.000000000000000000e+00	5.837858915328979492e-01	0.000000000000000000e+00	0.000000000000000000e+00	0.000000000000000000e+00	0.000000000000000000e+00	0.000000000000000000e+00	0.000000000000000000e+00
0.000000000000000000e+00	0.000000000000000000e+00	0.000000000000000000e+00	0.000000000000000000e+00	0.000000000000000000e+00	0.000000000000000000e+00	0.000000000000000000e+00	0.000000000000000000e+00	0.000000000000000000e+00	0.000000000000000000e+00
0.000000000000000000e+00	0.000000000000000000e+00	0.000000000000000000e+00	0.000000000000000000e+00	0.000000000000000000e+00	0.000000000000000000e+00	0.000000000000000000e+00	0.000000000000000000e+00	0.000000000000000000e+00	0.000000000000000000e+00
