0.000000000000000000e+00	0.000000000000000000e+00	0.000000000000000000e+00	0.000000000000000000e+00	0.000000000000000000e+00	0.000000000000000000e+00	0.000000000000000000e+00	0.000000000000000000e+00	0.000000000000000000e+00	0.000000000000000000e+00	0.000000000000000000e+00	0.000000000000000000e+00	-8.392757415771484375e+00
5.627135634422302246e-01	0.000000000000000000e+00	0.000000000000000000e+00	0.000000000000000000e+00	0.000000000000000000e+00	2.717657327651977539e+00	0.000000000000000000e+00	0.000000000000000000e+00	0.000000000000000000e+00	8.524950981140136719e+00	0.000000000000000000e+00	-1.787456035614013672e+00	-9.590237617492675781e+00
0.000000000000000000e+00	0.000000000000000000e+00	0.000000000000000000e+00	0.000000000000000000e+00	3.297542035579681396e-01	0.000000000000000000e+00	0.000000000000000000e+00	0.000000000000000000e+00	4.763353466987609863e-01	0.000000000000000000e+00	0.000000000000000000e+00	0.000000000000000000e+00	-8.104533195495605469e+00
0.000000000000000000e+00	0.000000000000000000e+00	0.000000000000000000e+00	0.000000000000000000e+00	0.000000000000000000e+00	0.000000000000000000e+00	0.000000000000000000e+00	0.000000000000000000e+00	0.000000000000000000e+00	-1.017127513885498047e+01	0.000000000000000000e+00	0.000000000000000000e+00	1.063472366333007812e+01
0.000000000000000000e+00	0.000000000000000000e+00	0.000000000000000000e+00	0.000000000000000000e+00	0.000000000000000000e+00	0.000000000000000000e+00	3.668004274368286133e+00	3.043409585952758789e+00	0.000000000000000000e+00	0.000000000000000000e+00	0.000000000000000000e+00	0.000000000000000000e+00	-7.087778568267822266e+00
0.000000000000000000e+00	0.000000000000000000e+00	0.000000000000000000e+00	-4.813566505908966064e-01	0.000000000000000000e+00	0.000000000000000000e+00	0.000000000000000000e+00	0.000000000000000000e+00	0.000000000000000000e+00	-1.097110366821289062e+01	0.000000000000000000e+00	0.000000000000000000e+00	6.785556793212890625e+00
0.000000000000000000e+00	0.000000000000000000e+00	0.000000000000000000e+00	0.000000000000000000e+00	0.000000000000000000e+00	0.000000000000000000e+00	0.000000000000000000e+00	0.000000000000000000e+00	0.000000000000000000e+00	0.000000000000000000e+00	0.000000000000000000e+00	0.000000000000000000e+00	8.274146080017089844e+00
0.000000000000000000e+00	0.000000000000000000e+00	0.000000000000000000e+00	0.000000000000000000e+00	0.000000000000000000e+00	0.000000000000000000e+00	0.000000000000000000e+00	2.783093690872192383e+00	0.000000000000000000e+00	0.000000000000000000e+00	0.000000000000000000e+00	0.000000000000000000e+00	-9.966183662414550781e+00
0.000000000000000000e+00	0.000000000000000000e+00	-3.915798187255859375e+00	0.000000000000000000e+00	0.000000000000000000e+00	0.000000000000000000e+00	0.000000000000000000e+00	0.000000000000000000e+00	0.000000000000000000e+00	-2.774140119552612305e+00	0.000000000000000000e+00	-2.445933580398559570e+00	7.667719364166259766e+00
0.000000000000000000e+00	0.000000000000000000e+00	0.000000000000000000e+00	0.000000000000000000e+00	0.000000000000000000e+00	0.000000000000000000e+00	0.000000000000000000e+00	-2.823502779006958008e+00	0.000000000000000000e+00	0.000000000000000000e+00	0.000000000000000000e+00	0.000000000000000000e+00	-8.318875312805175781e+00
