7.493695616722106934e-01	0.000000000000000000e+00	0.000000000000000000e+00	1.036388278007507324e+00	6.868003010749816895e-01	0.000000000000000000e+00	0.000000000000000000e+00
6.825387477874755859e-01	-4.806309342384338379e-01	-3.463663160800933838e-01	0.000000000000000000e+00	0.000000000000000000e+00	0.000000000000000000e+00	0.000000000000000000e+00
0.000000000000000000e+00	-4.539592266082763672e-01	-6.563634872436523438e-01	0.000000000000000000e+00	0.000000000000000000e+00	0.000000000000000000e+00	0.000000000000000000e+00
0.000000000000000000e+00	-3.409872949123382568e-01	0.000000000000000000e+00	4.874383807182312012e-01	7.301053404808044434e-01	5.444886684417724609e-01	0.000000000000000000e+00
0.000000000000000000e+00	0.000000000000000000e+00	2.904401421546936035e-01	-2.398105263710021973e-01	0.000000000000000000e+00	0.000000000000000000e+00	0.000000000000000000e+00
0.000000000000000000e+00	0.000000000000000000e+00	0.000000000000000000e+00	0.000000000000000000e+00	0.000000000000000000e+00	0.000000000000000000e+00	0.000000000000000000e+00
0.000000000000000000e+00	0.000000000000000000e+00	0.000000000000000000e+00	0.000000000000000000e+00	-3.130439221858978271e-01	0.000000000000000000e+00	0.000000000000000000e+00
-6.698534488677978516e-01	3.161028325557708740e-01	0.000000000000000000e+00	0.000000000000000000e+00	0.000000000000000000e+00	1.218024730682373047e+00	-1.105606675148010254e+00
0.000000000000000000e+00	0.000000000000000000e+00	0.000000000000000000e+00	0.000000000000000000e+00	0.000000000000000000e+00	0.000000000000000000e+00	1.020026564598083496e+00
0.000000000000000000e+00	0.000000000000000000e+00	0.000000000000000000e+00	0.000000000000000000e+00	0.000000000000000000e+00	0.000000000000000000e+00	4.447581171989440918e-01
