2.178023196756839752e-02	8.703155070543289185e-02	-3.194877505302429199e-02	-8.067813701927661896e-03	-6.642335210926830769e-05
3.943714799170550123e-10	0.000000000000000000e+00	-1.871377186546396842e-08	4.365252680145204067e-04	1.406593668207278824e-07
0.000000000000000000e+00	-6.918266848288112669e-08	2.977411668325657956e-07	0.000000000000000000e+00	1.531348736705240299e-08
0.000000000000000000e+00	0.000000000000000000e+00	0.000000000000000000e+00	3.546188689917961767e-11	0.000000000000000000e+00
0.000000000000000000e+00	0.000000000000000000e+00	-8.959372688188693701e-10	0.000000000000000000e+00	0.000000000000000000e+00
0.000000000000000000e+00	0.000000000000000000e+00	0.000000000000000000e+00	0.000000000000000000e+00	0.000000000000000000e+00
0.000000000000000000e+00	2.709142243872975087e-08	0.000000000000000000e+00	0.000000000000000000e+00	0.000000000000000000e+00
0.000000000000000000e+00	0.000000000000000000e+00	0.000000000000000000e+00	0.000000000000000000e+00	0.000000000000000000e+00
-1.063593586536626390e-07	1.253664959222078323e-04	-1.362141972549579805e-07	1.386992062180070207e-05	0.000000000000000000e+00
0.000000000000000000e+00	0.000000000000000000e+00	0.000000000000000000e+00	0.000000000000000000e+00	0.000000000000000000e+00
0.000000000000000000e+00	0.000000000000000000e+00	0.000000000000000000e+00	0.000000000000000000e+00	0.000000000000000000e+00
0.000000000000000000e+00	0.000000000000000000e+00	0.000000000000000000e+00	0.000000000000000000e+00	0.000000000000000000e+00
0.000000000000000000e+00	0.000000000000000000e+00	0.000000000000000000e+00	0.000000000000000000e+00	0.000000000000000000e+00
0.000000000000000000e+00	0.000000000000000000e+00	0.000000000000000000e+00	0.000000000000000000e+00	0.000000000000000000e+00
-2.223856432337356637e-09	-2.901388688769657165e-05	1.579844144394826344e-09	-2.335454329926989203e-10	0.000000000000000000e+00
