3.823641745839267969e-04	9.941590949892997742e-03	-5.098677938804030418e-04	-1.173126697540283203e-02	-4.782418545801192522e-05
-1.486763067077845335e-04	0.000000000000000000e+00	-2.501731250958982855e-05	-1.503356514831466484e-07	9.611497708839067400e-11
-1.022199103317689151e-05	-3.704469185322523117e-03	-6.698998731735628098e-06	-1.062122478856508678e-07	0.000000000000000000e+00
0.000000000000000000e+00	1.417336363829235779e-07	0.000000000000000000e+00	-7.655568879272323102e-06	0.000000000000000000e+00
-4.503895567609106365e-08	3.003224628628231585e-05	0.000000000000000000e+00	0.000000000000000000e+00	0.000000000000000000e+00
3.196428538521089990e-11	5.055211204307852313e-06	1.340638537683513931e-11	0.000000000000000000e+00	0.000000000000000000e+00
0.000000000000000000e+00	0.000000000000000000e+00	0.000000000000000000e+00	0.000000000000000000e+00	0.000000000000000000e+00
0.000000000000000000e+00	0.000000000000000000e+00	0.000000000000000000e+00	0.000000000000000000e+00	0.000000000000000000e+00
0.000000000000000000e+00	0.000000000000000000e+00	0.000000000000000000e+00	0.000000000000000000e+00	0.000000000000000000e+00
0.000000000000000000e+00	0.000000000000000000e+00	0.000000000000000000e+00	0.000000000000000000e+00	0.000000000000000000e+00
1.071780530992327840e-08	0.000000000000000000e+00	0.000000000000000000e+00	0.000000000000000000e+00	0.000000000000000000e+00
0.000000000000000000e+00	0.000000000000000000e+00	0.000000000000000000e+00	0.000000000000000000e+00	0.000000000000000000e+00
0.000000000000000000e+00	-2.552872802041861178e-09	0.000000000000000000e+00	0.000000000000000000e+00	0.000000000000000000e+00
0.000000000000000000e+00	0.000000000000000000e+00	0.000000000000000000e+00	0.000000000000000000e+00	1.507007192647069616e-11
0.000000000000000000e+00	0.000000000000000000e+00	0.000000000000000000e+00	0.000000000000000000e+00	0.000000000000000000e+00
