0.000000000000000000e+00	0.000000000000000000e+00	0.000000000000000000e+00	1.201078534126281738e+00	-6.605712324380874634e-02	-7.753986120223999023e-01	2.196513116359710693e-01	0.000000000000000000e+00	0.000000000000000000e+00	2.224714756011962891e+00	4.743566513061523438e+00	0.000000000000000000e+00	1.538490176200866699e+00	-1.401537895202636719e+00	-1.232443451881408691e+00	-1.797306060791015625e+00	-1.983373999595642090e+00	7.237588167190551758e-01	0.000000000000000000e+00	3.257700204849243164e-01
0.000000000000000000e+00	0.000000000000000000e+00	0.000000000000000000e+00	0.000000000000000000e+00	0.000000000000000000e+00	0.000000000000000000e+00	0.000000000000000000e+00	1.089501902461051941e-01	0.000000000000000000e+00	0.000000000000000000e+00	3.587450087070465088e-01	0.000000000000000000e+00	0.000000000000000000e+00	-4.853522479534149170e-01	0.000000000000000000e+00	0.000000000000000000e+00	0.000000000000000000e+00	-5.225762724876403809e-01	1.036491766571998596e-01	0.000000000000000000e+00
-9.744152426719665527e-01	-8.584612607955932617e-01	0.000000000000000000e+00	8.094848990440368652e-01	0.000000000000000000e+00	0.000000000000000000e+00	-4.393836557865142822e-01	-3.277101218700408936e-01	0.000000000000000000e+00	0.000000000000000000e+00	0.000000000000000000e+00	0.000000000000000000e+00	0.000000000000000000e+00	0.000000000000000000e+00	0.000000000000000000e+00	0.000000000000000000e+00	-1.027762413024902344e+00	-2.027781754732131958e-01	1.044183254241943359e+00	0.000000000000000000e+00
0.000000000000000000e+00	1.358779706060886383e-02	2.187212109565734863e-01	0.000000000000000000e+00	2.633021175861358643e-01	-2.430106699466705322e-01	0.000000000000000000e+00	0.000000000000000000e+00	1.899317204952239990e-01	2.800394892692565918e-01	3.043268918991088867e-01	0.000000000000000000e+00	-4.852100312709808350e-01	-3.736478984355926514e-01	-2.653086185455322266e-01	8.719699084758758545e-02	0.000000000000000000e+00	0.000000000000000000e+00	0.000000000000000000e+00	-1.816846877336502075e-01
0.000000000000000000e+00	0.000000000000000000e+00	0.000000000000000000e+00	0.000000000000000000e+00	0.000000000000000000e+00	0.000000000000000000e+00	0.000000000000000000e+00	0.000000000000000000e+00	0.000000000000000000e+00	0.000000000000000000e+00	7.380359340459108353e-03	0.000000000000000000e+00	0.000000000000000000e+00	0.000000000000000000e+00	0.000000000000000000e+00	0.000000000000000000e+00	0.000000000000000000e+00	0.000000000000000000e+00	0.000000000000000000e+00	0.000000000000000000e+00
0.000000000000000000e+00	0.000000000000000000e+00	7.040993571281433105e-01	-7.105986475944519043e-01	0.000000000000000000e+00	0.000000000000000000e+00	4.992073476314544678e-01	0.000000000000000000e+00	0.000000000000000000e+00	0.000000000000000000e+00	1.954235583543777466e-01	0.000000000000000000e+00	0.000000000000000000e+00	1.535539627075195312e-01	-5.973734259605407715e-01	0.000000000000000000e+00	0.000000000000000000e+00	7.845268249511718750e-01	-8.286477327346801758e-01	0.000000000000000000e+00
0.000000000000000000e+00	0.000000000000000000e+00	-5.799446702003479004e-01	-1.840863823890686035e+00	0.000000000000000000e+00	0.000000000000000000e+00	0.000000000000000000e+00	0.000000000000000000e+00	4.857701957225799561e-01	0.000000000000000000e+00	0.000000000000000000e+00	0.000000000000000000e+00	-8.674223423004150391e-01	0.000000000000000000e+00	0.000000000000000000e+00	0.000000000000000000e+00	0.000000000000000000e+00	-6.267363429069519043e-01	0.000000000000000000e+00	0.000000000000000000e+00
5.969866365194320679e-02	0.000000000000000000e+00	0.000000000000000000e+00	0.000000000000000000e+00	0.000000000000000000e+00	0.000000000000000000e+00	4.595955014228820801e-01	0.000000000000000000e+00	4.601381123065948486e-01	2.032463103532791138e-01	0.000000000000000000e+00	0.000000000000000000e+00	0.000000000000000000e+00	0.000000000000000000e+00	0.000000000000000000e+00	0.000000000000000000e+00	0.000000000000000000e+00	5.847372412681579590e-01	0.000000000000000000e+00	0.000000000000000000e+00
0.000000000000000000e+00	0.000000000000000000e+00	0.000000000000000000e+00	0.000000000000000000e+00	0.000000000000000000e+00	0.000000000000000000e+00	0.000000000000000000e+00	0.000000000000000000e+00	0.000000000000000000e+00	-6.542420014739036560e-03	0.000000000000000000e+00	0.000000000000000000e+00	-9.495662897825241089e-02	0.000000000000000000e+00	0.000000000000000000e+00	0.000000000000000000e+00	0.000000000000000000e+00	3.384592384099960327e-02	0.000000000000000000e+00	0.000000000000000000e+00
0.000000000000000000e+00	0.000000000000000000e+00	0.000000000000000000e+00	0.000000000000000000e+00	0.000000000000000000e+00	0.000000000000000000e+00	0.000000000000000000e+00	0.000000000000000000e+00	0.000000000000000000e+00	0.000000000000000000e+00	0.000000000000000000e+00	0.000000000000000000e+00	0.000000000000000000e+00	0.000000000000000000e+00	0.000000000000000000e+00	0.000000000000000000e+00	0.000000000000000000e+00	0.000000000000000000e+00	0.000000000000000000e+00	0.000000000000000000e+00
0.000000000000000000e+00	0.000000000000000000e+00	0.000000000000000000e+00	0.000000000000000000e+00	0.000000000000000000e+00	0.000000000000000000e+00	0.000000000000000000e+00	0.000000000000000000e+00	1.516859512776136398e-03	3.789482638239860535e-03	0.000000000000000000e+00	0.000000000000000000e+00	0.000000000000000000e+00	-2.933137305080890656e-02	0.000000000000000000e+00	0.000000000000000000e+00	-3.764208406209945679e-03	0.000000000000000000e+00	0.000000000000000000e+00	0.000000000000000000e+00
0.000000000000000000e+00	9.481459856033325195e-01	0.000000000000000000e+00	0.000000000000000000e+00	0.000000000000000000e+00	0.000000000000000000e+00	9.906948208808898926e-01	0.000000000000000000e+00	-8.577271699905395508e-01	-6.537255048751831055e-01	-1.219961047172546387e+00	0.000000000000000000e+00	9.856502413749694824e-01	2.698928415775299072e-01	0.000000000000000000e+00	9.518202543258666992e-01	0.000000000000000000e+00	0.000000000000000000e+00	0.000000000000000000e+00	2.167735099792480469e-01
-2.241550236940383911e-01	0.000000000000000000e+00	-3.271898254752159119e-02	0.000000000000000000e+00	-7.685613632202148438e-02	5.874136835336685181e-02	0.000000000000000000e+00	2.616963982582092285e-01	-1.362844407558441162e-01	0.000000000000000000e+00	1.202475875616073608e-01	0.000000000000000000e+00	0.000000000000000000e+00	3.860442638397216797e-01	2.836765954270958900e-03	-1.655874252319335938e-01	-2.461324930191040039e-01	0.000000000000000000e+00	2.380143702030181885e-01	0.000000000000000000e+00
0.000000000000000000e+00	0.000000000000000000e+00	0.000000000000000000e+00	-2.706045508384704590e-01	0.000000000000000000e+00	0.000000000000000000e+00	1.407802820205688477e+00	-6.793011426925659180e-01	0.000000000000000000e+00	0.000000000000000000e+00	0.000000000000000000e+00	0.000000000000000000e+00	0.000000000000000000e+00	0.000000000000000000e+00	0.000000000000000000e+00	0.000000000000000000e+00	0.000000000000000000e+00	-8.615192770957946777e-01	0.000000000000000000e+00	-7.788481712341308594e-01
0.000000000000000000e+00	0.000000000000000000e+00	0.000000000000000000e+00	0.000000000000000000e+00	0.000000000000000000e+00	0.000000000000000000e+00	0.000000000000000000e+00	0.000000000000000000e+00	0.000000000000000000e+00	0.000000000000000000e+00	0.000000000000000000e+00	0.000000000000000000e+00	0.000000000000000000e+00	0.000000000000000000e+00	0.000000000000000000e+00	0.000000000000000000e+00	0.000000000000000000e+00	0.000000000000000000e+00	0.000000000000000000e+00	0.000000000000000000e+00
