1.345356404781341553e-01	-3.058008253574371338e-01	-1.786427944898605347e-01	1.433429718017578125e-01	1.703692823648452759e-01	1.255618035793304443e-01	-5.719769597053527832e-01	1.764929145574569702e-01	5.461215376853942871e-01	1.192560791969299316e+00
1.951900869607925415e-01	-3.057815134525299072e-01	-4.279674887657165527e-01	9.842915087938308716e-02	-1.482488028705120087e-02	-4.239076003432273865e-02	-3.542121648788452148e-01	-1.058641076087951660e-01	5.453705191612243652e-01	8.939536809921264648e-01
-2.202809303998947144e-01	-9.104841947555541992e-02	-1.149815320968627930e-01	-3.066622018814086914e-01	1.060057431459426880e-01	-4.863991402089595795e-03	-5.077229142189025879e-01	-9.832552820444107056e-02	2.109761685132980347e-01	3.343675434589385986e-01
5.356736481189727783e-02	3.880164772272109985e-02	1.897351145744323730e-01	7.083711028099060059e-01	8.997258543968200684e-02	-3.490221500396728516e-02	2.118943780660629272e-01	9.005904942750930786e-02	6.592475175857543945e-01	7.123284041881561279e-02
9.029611945152282715e-03	1.258542537689208984e-01	4.941899180412292480e-01	-2.500736117362976074e-01	-4.078689217567443848e-02	-1.426338702440261841e-01	3.855985403060913086e-01	1.759538650512695312e-01	-3.582777976989746094e-01	-1.023033976554870605e+00
-5.077211931347846985e-02	1.819939789129421115e-04	-3.693577274680137634e-02	-5.441821180284023285e-03	-1.945006288588047028e-02	9.060947263606067281e-07	1.650458276271820068e-01	8.424476534128189087e-02	1.403549686074256897e-02	-2.348218671977519989e-02
-5.527693778276443481e-02	-4.461824893951416016e-02	9.026820957660675049e-02	1.078249439597129822e-01	8.846861124038696289e-02	4.705131053924560547e-03	4.015749320387840271e-02	-9.141045808792114258e-02	-4.479784518480300903e-02	1.264341622591018677e-01
-1.883630375232314691e-06	1.940985185910903965e-07	1.518341650807997212e-05	3.881455340888351202e-04	-1.869359955719573918e-08	1.345390998608309019e-08	2.634473332818743074e-07	1.304557315506826853e-07	2.727118553593754768e-03	1.115587074309587479e-04
-4.141679406166076660e-02	2.061354815959930420e-01	2.252816781401634216e-02	4.777019321918487549e-01	1.750504076480865479e-01	4.284211609046906233e-04	1.077173575758934021e-01	2.641159892082214355e-01	1.957568675279617310e-01	2.015193253755569458e-01
-1.408845037221908569e-01	6.532016992568969727e-01	-7.503924369812011719e-01	8.466280996799468994e-02	1.378257572650909424e-01	2.342316508293151855e-01	-2.046327143907546997e-01	7.912617921829223633e-01	4.364349842071533203e-01	1.263410806655883789e+00
-3.625956550240516663e-02	3.919163604759745567e-12	-6.344812922179698944e-03	-2.858968218788504601e-04	-3.448427189141511917e-03	8.513503006562351096e-17	7.780828326940536499e-02	3.584706410765647888e-02	1.880298741161823273e-02	3.780033905059099197e-03
8.628277108073234558e-03	5.266569651088751081e-15	6.517128553241491318e-03	5.947178695350885391e-03	3.141080727800726891e-03	1.797104406837221500e-21	-2.065648883581161499e-02	-1.740616001188755035e-02	2.148064319044351578e-03	2.354048890992999077e-03
1.299836793755559938e-09	-9.815990366556606681e-22	2.379974828325970293e-10	4.492774223763262853e-07	4.447437210175486655e-12	-1.537112250685785019e-20	-2.146043787121243440e-09	-1.575048980129167830e-09	5.241195033534040704e-09	2.980358431159402244e-07
1.867753686383366585e-03	3.129626438021659851e-02	1.044682879000902176e-02	-9.699612855911254883e-02	5.548173212446272373e-04	1.082462025806307793e-03	2.168531157076358795e-02	8.160300552845001221e-02	3.646051138639450073e-02	-1.808676309883594513e-02
2.213119156658649445e-02	1.736120509576721815e-07	4.796176776289939880e-02	5.900911986827850342e-02	4.426286742091178894e-02	-8.284983484853347679e-13	-4.745990782976150513e-02	6.326128728687763214e-03	-4.328208789229393005e-02	4.519017785787582397e-02
