5.274062156677246094e-01	4.245301187038421631e-01	-5.414957180619239807e-02	-7.566881775856018066e-01	1.396957188844680786e-01	-1.494576483964920044e-01	1.990345269441604614e-01	-1.185152649879455566e+00	1.839617043733596802e-01	1.067425131797790527e+00
-1.833257079124450684e-01	-4.054485261440277100e-01	-6.621894836425781250e-01	9.645523130893707275e-02	7.587435841560363770e-02	1.846524327993392944e-01	9.635728597640991211e-01	-7.185798883438110352e-02	-8.385368436574935913e-02	5.653851628303527832e-01
-1.079851016402244568e-02	6.351975351572036743e-02	-7.037945836782455444e-02	2.998503744602203369e-01	-4.292649403214454651e-02	1.563647761940956116e-02	2.474703490734100342e-01	9.906853735446929932e-02	1.419992297887802124e-01	4.092655703425407410e-02
-8.722487837076187134e-02	2.556958002969622612e-03	-2.750143781304359436e-02	6.529849022626876831e-02	1.450467705726623535e-01	7.830419053789228201e-05	1.147346943616867065e-01	2.763929218053817749e-02	7.795441895723342896e-02	1.135826855897903442e-01
-1.853218972682952881e-01	1.746693439781665802e-02	3.042266070842742920e-01	-3.366685807704925537e-01	-5.913168657571077347e-03	-1.059188507497310638e-03	-5.343029499053955078e-01	8.529223501682281494e-02	-8.409976959228515625e-01	-5.580279827117919922e-01
3.296802565455436707e-02	7.762163877487182617e-04	4.084620624780654907e-02	6.222869828343391418e-02	1.748972572386264801e-02	-1.348035002592951059e-04	-3.320804834365844727e-01	-2.768925577402114868e-02	-3.623368591070175171e-02	1.448384374380111694e-01
-9.307041764259338379e-03	1.583352237939834595e-01	-6.238700449466705322e-02	3.895739316940307617e-01	5.185985565185546875e-02	3.128748794551938772e-04	3.033945858478546143e-01	7.056809961795806885e-02	9.352398663759231567e-02	2.733405679464340210e-02
-5.667733148584375158e-06	1.487406604517467259e-24	-1.053584128385409713e-06	-4.882479061052436009e-07	-4.990784532310499344e-07	4.657603896481410454e-25	1.021283333102473989e-05	6.375254542945185676e-06	7.593311579512374010e-07	-1.724094147448340664e-07
-3.788994625210762024e-02	-2.859028801321983337e-02	-1.017135307192802429e-01	-1.603945195674896240e-01	1.956959022209048271e-03	4.545219708234071732e-03	1.178107410669326782e-01	-1.211799085140228271e-01	2.657998800277709961e-01	-9.680120646953582764e-02
-2.448559850454330444e-01	-3.706533834338188171e-02	-3.360070288181304932e-01	-2.177534550428390503e-01	-1.267965734004974365e-01	5.634358385577797890e-04	3.669435381889343262e-01	-5.989359617233276367e-01	9.656441211700439453e-01	1.832626909017562866e-01
-4.411074332892894745e-03	2.486511133611202240e-03	4.359515756368637085e-02	5.176622420549392700e-03	2.222802257165312767e-03	-6.183760706335306168e-05	2.131663560867309570e-01	9.883783012628555298e-02	3.794197365641593933e-02	4.329926967620849609e-01
-4.631296731531620026e-03	6.936499630683101714e-06	-9.479857981204986572e-03	1.850545522756874561e-04	-2.183079486712813377e-03	2.984712565989866562e-08	1.081427335739135742e-01	2.077360823750495911e-02	-1.728906109929084778e-02	6.603872030973434448e-02
-3.497998335433294415e-09	4.256890166760819192e-25	2.033170853898980113e-10	7.424199033323475305e-09	8.273964846594594746e-10	1.049160598559690426e-25	6.013560316375787806e-09	3.790148750404398470e-10	5.748617137868450300e-09	5.952452308832789640e-09
-6.066854111850261688e-03	-9.831095812842249870e-04	1.205944281537085772e-04	4.052498191595077515e-02	1.191874434880446643e-05	2.434103589621372521e-05	9.244371205568313599e-03	1.154192630201578140e-02	-5.063122510910034180e-02	-1.473326236009597778e-03
6.314577069133520126e-03	-3.001106157898902893e-02	-2.728625200688838959e-02	1.272349059581756592e-01	2.534645050764083862e-02	-1.102466412703506649e-04	-7.367107272148132324e-02	1.257353741675615311e-02	-4.074325561523437500e-01	6.427910178899765015e-02
