-1.007787510752677917e-01	5.509036183357238770e-01	-6.528851985931396484e-01	6.630633771419525146e-02	0.000000000000000000e+00
0.000000000000000000e+00	0.000000000000000000e+00	0.000000000000000000e+00	0.000000000000000000e+00	1.484210640192031860e-01
0.000000000000000000e+00	0.000000000000000000e+00	-6.316136121749877930e-01	-2.790825963020324707e-01	0.000000000000000000e+00
0.000000000000000000e+00	0.000000000000000000e+00	0.000000000000000000e+00	5.010410770773887634e-02	-8.271596394479274750e-03
0.000000000000000000e+00	0.000000000000000000e+00	0.000000000000000000e+00	-9.543067216873168945e-02	6.959648430347442627e-02
-6.362882256507873535e-02	0.000000000000000000e+00	1.492997258901596069e-01	0.000000000000000000e+00	0.000000000000000000e+00
0.000000000000000000e+00	5.280260741710662842e-02	-7.128749489784240723e-01	0.000000000000000000e+00	0.000000000000000000e+00
0.000000000000000000e+00	0.000000000000000000e+00	0.000000000000000000e+00	0.000000000000000000e+00	0.000000000000000000e+00
0.000000000000000000e+00	2.346889959881082177e-05	0.000000000000000000e+00	1.264209626242518425e-03	0.000000000000000000e+00
0.000000000000000000e+00	0.000000000000000000e+00	0.000000000000000000e+00	0.000000000000000000e+00	0.000000000000000000e+00
0.000000000000000000e+00	0.000000000000000000e+00	0.000000000000000000e+00	0.000000000000000000e+00	0.000000000000000000e+00
0.000000000000000000e+00	0.000000000000000000e+00	0.000000000000000000e+00	0.000000000000000000e+00	0.000000000000000000e+00
0.000000000000000000e+00	0.000000000000000000e+00	0.000000000000000000e+00	0.000000000000000000e+00	0.000000000000000000e+00
1.302909106016159058e-01	-2.564763724803924561e-01	-7.290545701980590820e-01	4.793513715267181396e-01	4.768989682197570801e-01
0.000000000000000000e+00	0.000000000000000000e+00	0.000000000000000000e+00	0.000000000000000000e+00	-2.327301044715568423e-04
