0.000000000000000000e+00	7.471853494644165039e-01	0.000000000000000000e+00	9.928160905838012695e-02	4.518288373947143555e-02
3.449388220906257629e-02	0.000000000000000000e+00	-4.915491491556167603e-02	-1.163485199213027954e-01	9.602145850658416748e-02
0.000000000000000000e+00	-8.808859623968601227e-03	-7.502521276473999023e-01	-1.307575255632400513e-01	0.000000000000000000e+00
0.000000000000000000e+00	2.468406036496162415e-02	0.000000000000000000e+00	0.000000000000000000e+00	0.000000000000000000e+00
5.624102428555488586e-02	0.000000000000000000e+00	-2.271948615089058876e-03	0.000000000000000000e+00	1.078773885965347290e-01
0.000000000000000000e+00	1.136954426765441895e-01	1.223503425717353821e-01	0.000000000000000000e+00	0.000000000000000000e+00
0.000000000000000000e+00	4.979135394096374512e-01	-5.182575583457946777e-01	-2.200732231140136719e-01	0.000000000000000000e+00
0.000000000000000000e+00	0.000000000000000000e+00	0.000000000000000000e+00	0.000000000000000000e+00	0.000000000000000000e+00
0.000000000000000000e+00	5.187276983633637428e-04	0.000000000000000000e+00	0.000000000000000000e+00	0.000000000000000000e+00
0.000000000000000000e+00	0.000000000000000000e+00	0.000000000000000000e+00	0.000000000000000000e+00	0.000000000000000000e+00
0.000000000000000000e+00	0.000000000000000000e+00	0.000000000000000000e+00	0.000000000000000000e+00	0.000000000000000000e+00
0.000000000000000000e+00	0.000000000000000000e+00	0.000000000000000000e+00	0.000000000000000000e+00	0.000000000000000000e+00
0.000000000000000000e+00	0.000000000000000000e+00	0.000000000000000000e+00	0.000000000000000000e+00	0.000000000000000000e+00
0.000000000000000000e+00	0.000000000000000000e+00	-4.646318852901458740e-01	-1.035993099212646484e+00	-1.303337365388870239e-01
0.000000000000000000e+00	0.000000000000000000e+00	0.000000000000000000e+00	0.000000000000000000e+00	0.000000000000000000e+00
