0.000000000000000000e+00	8.239957517306925605e-14	0.000000000000000000e+00
0.000000000000000000e+00	-2.502711777886123140e-33	-1.768891539830658587e-32
4.727081886812811717e-06	4.236210079398006201e-04	6.080275852582417428e-06
0.000000000000000000e+00	0.000000000000000000e+00	0.000000000000000000e+00
0.000000000000000000e+00	1.401710865434058206e-11	1.898090612980264369e-18
0.000000000000000000e+00	0.000000000000000000e+00	0.000000000000000000e+00
0.000000000000000000e+00	0.000000000000000000e+00	0.000000000000000000e+00
-4.654635637843681291e-28	-3.226624787922384217e-28	-8.608730008387767627e-35
0.000000000000000000e+00	0.000000000000000000e+00	0.000000000000000000e+00
0.000000000000000000e+00	0.000000000000000000e+00	0.000000000000000000e+00
0.000000000000000000e+00	0.000000000000000000e+00	0.000000000000000000e+00
-1.256289982202728172e-24	3.394912660454468822e-13	-6.523850241294458871e-18
0.000000000000000000e+00	0.000000000000000000e+00	0.000000000000000000e+00
0.000000000000000000e+00	0.000000000000000000e+00	0.000000000000000000e+00
0.000000000000000000e+00	0.000000000000000000e+00	0.000000000000000000e+00
