4.051169399943432836e-10	2.695805596886202693e-05	8.131332940308766410e-09
-1.626313495088336995e-18	-1.860257170527290782e-09	-3.525418889108178355e-13
0.000000000000000000e+00	-1.871002268047372574e-14	0.000000000000000000e+00
0.000000000000000000e+00	0.000000000000000000e+00	0.000000000000000000e+00
0.000000000000000000e+00	1.570972292096694165e-35	0.000000000000000000e+00
1.011317443769818927e-14	2.718390987865859643e-07	-7.215172334379058028e-14
0.000000000000000000e+00	0.000000000000000000e+00	0.000000000000000000e+00
0.000000000000000000e+00	0.000000000000000000e+00	0.000000000000000000e+00
0.000000000000000000e+00	0.000000000000000000e+00	0.000000000000000000e+00
0.000000000000000000e+00	3.919596000476537423e-27	-2.743850293129744836e-39
0.000000000000000000e+00	0.000000000000000000e+00	0.000000000000000000e+00
0.000000000000000000e+00	0.000000000000000000e+00	0.000000000000000000e+00
0.000000000000000000e+00	-7.831983854078175021e-19	0.000000000000000000e+00
0.000000000000000000e+00	0.000000000000000000e+00	0.000000000000000000e+00
0.000000000000000000e+00	0.000000000000000000e+00	0.000000000000000000e+00
