-2.065066099166870117e-01	-5.859914794564247131e-02	2.837485261261463165e-02	-7.964632660150527954e-02	3.451846837997436523e-01
-9.192892163991928101e-02	-2.151552401483058929e-02	-7.757695019245147705e-02	-8.290601894259452820e-03	1.856006123125553131e-02
-8.937329053878784180e-02	-4.351529181003570557e-01	1.218866650015115738e-02	-8.188997209072113037e-02	-1.677449941635131836e-01
1.495193410664796829e-02	0.000000000000000000e+00	4.492437932640314102e-03	0.000000000000000000e+00	0.000000000000000000e+00
-5.754508310928940773e-04	0.000000000000000000e+00	0.000000000000000000e+00	-2.907272195443511009e-03	0.000000000000000000e+00
8.509828895330429077e-02	-2.170758321881294250e-02	-8.577430993318557739e-02	-6.558382511138916016e-02	3.252331912517547607e-02
1.307635381817817688e-02	3.713502734899520874e-02	-2.586940245237201452e-04	5.016448721289634705e-02	-1.385335717350244522e-02
0.000000000000000000e+00	0.000000000000000000e+00	0.000000000000000000e+00	0.000000000000000000e+00	0.000000000000000000e+00
0.000000000000000000e+00	0.000000000000000000e+00	0.000000000000000000e+00	0.000000000000000000e+00	0.000000000000000000e+00
0.000000000000000000e+00	0.000000000000000000e+00	0.000000000000000000e+00	0.000000000000000000e+00	0.000000000000000000e+00
-1.286997758143115789e-05	0.000000000000000000e+00	2.938552643172442913e-04	6.390656926669180393e-04	0.000000000000000000e+00
1.518449280411005020e-03	-1.343088806606829166e-03	-5.387021228671073914e-04	3.204465028829872608e-04	0.000000000000000000e+00
-1.054151207208633423e-01	6.181456148624420166e-02	-5.568336322903633118e-02	-1.729253977537155151e-01	-2.518423832952976227e-02
2.697158604860305786e-03	-1.665046438574790955e-03	-5.345833487808704376e-03	-2.758909482508897781e-03	9.102056501433253288e-04
0.000000000000000000e+00	0.000000000000000000e+00	0.000000000000000000e+00	0.000000000000000000e+00	0.000000000000000000e+00
