1.079991310834884644e-01	-3.913227617740631104e-01	2.096842974424362183e-01	-6.952910870313644409e-02	-1.163688749074935913e-01
-9.495478868484497070e-02	1.401569545269012451e-01	-1.791292876005172729e-01	1.539601981639862061e-01	-1.055411845445632935e-01
-6.129196286201477051e-02	-2.440567612648010254e-01	3.513438701629638672e-01	-9.289239346981048584e-02	-2.881776094436645508e-01
0.000000000000000000e+00	0.000000000000000000e+00	0.000000000000000000e+00	0.000000000000000000e+00	0.000000000000000000e+00
0.000000000000000000e+00	5.736023560166358948e-02	-5.973529070615768433e-02	1.818689405918121338e-01	0.000000000000000000e+00
-6.598387658596038818e-02	1.697207987308502197e-02	1.709276437759399414e-02	-1.737200841307640076e-02	0.000000000000000000e+00
1.257851272821426392e-01	-5.366856604814529419e-02	0.000000000000000000e+00	4.249296188354492188e-01	0.000000000000000000e+00
0.000000000000000000e+00	0.000000000000000000e+00	0.000000000000000000e+00	0.000000000000000000e+00	0.000000000000000000e+00
0.000000000000000000e+00	0.000000000000000000e+00	0.000000000000000000e+00	0.000000000000000000e+00	0.000000000000000000e+00
-2.291879355907440186e-01	1.087017506361007690e-01	-1.577945351600646973e-01	0.000000000000000000e+00	0.000000000000000000e+00
0.000000000000000000e+00	0.000000000000000000e+00	4.745203629136085510e-02	0.000000000000000000e+00	0.000000000000000000e+00
0.000000000000000000e+00	0.000000000000000000e+00	0.000000000000000000e+00	0.000000000000000000e+00	0.000000000000000000e+00
2.199485152959823608e-02	0.000000000000000000e+00	-9.694669395685195923e-03	-1.504302620887756348e-01	-1.541616744361817837e-03
-5.066679045557975769e-02	1.566826254129409790e-01	9.026200324296951294e-02	-6.007201597094535828e-02	-6.100701913237571716e-02
0.000000000000000000e+00	0.000000000000000000e+00	0.000000000000000000e+00	0.000000000000000000e+00	0.000000000000000000e+00
0.000000000000000000e+00	0.000000000000000000e+00	0.000000000000000000e+00	0.000000000000000000e+00	0.000000000000000000e+00
0.000000000000000000e+00	0.000000000000000000e+00	0.000000000000000000e+00	0.000000000000000000e+00	0.000000000000000000e+00
0.000000000000000000e+00	0.000000000000000000e+00	0.000000000000000000e+00	0.000000000000000000e+00	0.000000000000000000e+00
0.000000000000000000e+00	0.000000000000000000e+00	0.000000000000000000e+00	0.000000000000000000e+00	0.000000000000000000e+00
0.000000000000000000e+00	0.000000000000000000e+00	0.000000000000000000e+00	0.000000000000000000e+00	0.000000000000000000e+00
0.000000000000000000e+00	0.000000000000000000e+00	0.000000000000000000e+00	0.000000000000000000e+00	0.000000000000000000e+00
0.000000000000000000e+00	0.000000000000000000e+00	0.000000000000000000e+00	0.000000000000000000e+00	0.000000000000000000e+00
0.000000000000000000e+00	0.000000000000000000e+00	0.000000000000000000e+00	5.954625084996223450e-02	0.000000000000000000e+00
0.000000000000000000e+00	0.000000000000000000e+00	0.000000000000000000e+00	0.000000000000000000e+00	0.000000000000000000e+00
0.000000000000000000e+00	0.000000000000000000e+00	0.000000000000000000e+00	0.000000000000000000e+00	0.000000000000000000e+00
0.000000000000000000e+00	0.000000000000000000e+00	0.000000000000000000e+00	-3.497089445590972900e-02	0.000000000000000000e+00
0.000000000000000000e+00	0.000000000000000000e+00	-2.080131508409976959e-02	-7.529730349779129028e-02	1.060655340552330017e-02
3.219898417592048645e-02	0.000000000000000000e+00	1.539128720760345459e-01	-3.894548490643501282e-02	0.000000000000000000e+00
4.183202981948852539e-02	0.000000000000000000e+00	0.000000000000000000e+00	0.000000000000000000e+00	0.000000000000000000e+00
0.000000000000000000e+00	0.000000000000000000e+00	0.000000000000000000e+00	0.000000000000000000e+00	0.000000000000000000e+00
0.000000000000000000e+00	0.000000000000000000e+00	0.000000000000000000e+00	0.000000000000000000e+00	0.000000000000000000e+00
