9.085254669189453125e-01	6.192891597747802734e-01	5.206246972084045410e-01	-1.203156948089599609e+00	2.825149893760681152e-01
-1.212923601269721985e-01	1.552049629390239716e-02	1.024103071540594101e-02	-6.993235647678375244e-02	-9.233772754669189453e-03
-1.946986913681030273e-01	-2.580996453762054443e-01	-1.457621902227401733e-01	-4.653970897197723389e-01	-1.715667545795440674e-01
7.590470463037490845e-02	0.000000000000000000e+00	0.000000000000000000e+00	0.000000000000000000e+00	0.000000000000000000e+00
-3.203591331839561462e-02	7.258277386426925659e-02	6.692322343587875366e-02	2.988992929458618164e-01	-2.733743004500865936e-02
7.413061708211898804e-02	4.468769207596778870e-02	2.385422438383102417e-01	-6.915078312158584595e-02	-1.235415972769260406e-02
-5.659266561269760132e-02	0.000000000000000000e+00	-9.254139661788940430e-02	-1.676623821258544922e-01	2.941199764609336853e-02
0.000000000000000000e+00	0.000000000000000000e+00	0.000000000000000000e+00	0.000000000000000000e+00	0.000000000000000000e+00
-1.005966365337371826e-01	0.000000000000000000e+00	0.000000000000000000e+00	0.000000000000000000e+00	0.000000000000000000e+00
0.000000000000000000e+00	0.000000000000000000e+00	0.000000000000000000e+00	0.000000000000000000e+00	0.000000000000000000e+00
0.000000000000000000e+00	0.000000000000000000e+00	0.000000000000000000e+00	2.597074769437313080e-02	0.000000000000000000e+00
0.000000000000000000e+00	-1.813317462801933289e-02	0.000000000000000000e+00	0.000000000000000000e+00	0.000000000000000000e+00
0.000000000000000000e+00	6.341224163770675659e-02	-5.459408834576606750e-02	3.751114308834075928e-01	7.326338905841112137e-03
8.103283494710922241e-02	2.386878579854965210e-01	8.664446324110031128e-02	0.000000000000000000e+00	-2.994637750089168549e-02
0.000000000000000000e+00	0.000000000000000000e+00	0.000000000000000000e+00	0.000000000000000000e+00	0.000000000000000000e+00
0.000000000000000000e+00	0.000000000000000000e+00	0.000000000000000000e+00	0.000000000000000000e+00	0.000000000000000000e+00
0.000000000000000000e+00	0.000000000000000000e+00	0.000000000000000000e+00	0.000000000000000000e+00	0.000000000000000000e+00
0.000000000000000000e+00	0.000000000000000000e+00	0.000000000000000000e+00	0.000000000000000000e+00	0.000000000000000000e+00
0.000000000000000000e+00	0.000000000000000000e+00	0.000000000000000000e+00	0.000000000000000000e+00	0.000000000000000000e+00
0.000000000000000000e+00	0.000000000000000000e+00	0.000000000000000000e+00	0.000000000000000000e+00	0.000000000000000000e+00
0.000000000000000000e+00	0.000000000000000000e+00	0.000000000000000000e+00	0.000000000000000000e+00	0.000000000000000000e+00
0.000000000000000000e+00	0.000000000000000000e+00	0.000000000000000000e+00	0.000000000000000000e+00	0.000000000000000000e+00
0.000000000000000000e+00	0.000000000000000000e+00	0.000000000000000000e+00	8.340800181031227112e-03	0.000000000000000000e+00
0.000000000000000000e+00	2.191696688532829285e-02	0.000000000000000000e+00	0.000000000000000000e+00	0.000000000000000000e+00
0.000000000000000000e+00	0.000000000000000000e+00	0.000000000000000000e+00	0.000000000000000000e+00	0.000000000000000000e+00
0.000000000000000000e+00	0.000000000000000000e+00	0.000000000000000000e+00	0.000000000000000000e+00	0.000000000000000000e+00
0.000000000000000000e+00	0.000000000000000000e+00	1.520080957561731339e-02	1.785962730646133423e-01	-1.344427559524774551e-02
0.000000000000000000e+00	0.000000000000000000e+00	0.000000000000000000e+00	0.000000000000000000e+00	0.000000000000000000e+00
0.000000000000000000e+00	-1.758419536054134369e-02	0.000000000000000000e+00	0.000000000000000000e+00	0.000000000000000000e+00
0.000000000000000000e+00	0.000000000000000000e+00	0.000000000000000000e+00	0.000000000000000000e+00	0.000000000000000000e+00
0.000000000000000000e+00	0.000000000000000000e+00	0.000000000000000000e+00	0.000000000000000000e+00	0.000000000000000000e+00
